1, 618829.391, 4204449.796, 0.00, 0.00, 1.47, 1.60, 2.20, 0.90  
2, 618834.678, 4204449.83, 0.00, 0.00, 1.28, 1.35, 1.98, 0.68  
3, 618840.007, 4204449.568, 0.00, 0.00, 0.91, 0.85, 1.55, 0.24  
4, 618845.006, 4204450.001, 0.00, 0.00, 1.41, 1.52, 2.13, 0.82  
5, 618850.487, 4204449.37, 0.09, 0.00, 1.84, 2.09, 2.64, 1.33  
6, 618855.94, 4204450.721, 0.30, 0.31, 2.06, 2.39, 2.90, 1.59  
7, 618861.05, 4204449.637, 0.07, 0.00, 1.82, 2.07, 2.62, 1.31  
8, 618866.206, 4204450.805, 0.00, 0.00, 1.69, 1.89, 2.46, 1.15  
9, 618871.768, 4204449.573, 0.32, 0.35, 2.09, 2.43, 2.93, 1.63  
10, 618877.018, 4204450.77, 0.16, 0.09, 1.91, 2.19, 2.72, 1.41  
11, 618882.424, 4204449.817, 0.28, 0.29, 2.05, 2.37, 2.88, 1.57  
12, 618887.624, 4204450.126, 0.55, 0.69, 2.33, 2.75, 3.21, 1.91  
13, 618893.015, 4204450.289, 0.51, 0.64, 2.29, 2.70, 3.16, 1.86  
14, 618898.44, 4204450.015, 0.73, 0.98, 2.52, 3.01, 3.44, 2.14  
15, 618903.913, 4204450.399, 0.75, 1.00, 2.54, 3.03, 3.46, 2.16  
16, 618909.092, 4204449.976, 0.51, 0.64, 2.29, 2.70, 3.16, 1.86  
17, 618914.331, 4204450.81, 0.52, 0.66, 2.31, 2.72, 3.18, 1.88  
18, 618919.906, 4204450.029, 0.48, 0.60, 2.26, 2.66, 3.13, 1.83  
19, 618925.226, 4204450.859, 0.61, 0.78, 2.39, 2.83, 3.28, 1.98  
20, 618931.039, 4204449.575, 0.51, 0.64, 2.29, 2.70, 3.16, 1.86  
21, 618936.387, 4204450.64, 0.16, 0.09, 1.91, 2.19, 2.72, 1.41  
22, 618942.12, 4204449.525, 0.28, 0.28, 2.05, 2.37, 2.88, 1.57  
23, 618947.9, 4204450.268, 0.38, 0.44, 2.15, 2.52, 3.00, 1.70  
24, 618953.528, 4204450.364, 0.40, 0.47, 2.17, 2.54, 3.03, 1.72  
25, 618959.221, 4204449.349, 0.13, 0.05, 1.88, 2.15, 2.69, 1.38  
26, 618964.889, 4204450.756, 0.24, 0.23, 2.00, 2.31, 2.83, 1.52  
27, 618970.701, 4204449.57, 0.00, 0.00, 1.61, 1.79, 2.37, 1.06  
28, 618976.511, 4204450.363, 0.19, 0.14, 1.94, 2.23, 2.76, 1.45  
29, 618981.724, 4204449.613, 0.34, 0.38, 2.11, 2.45, 2.95, 1.65  
30, 618987.069, 4204449.182, 0.46, 0.56, 2.24, 2.63, 3.10, 1.80  
31, 618992.423, 4204450.21, 0.38, 0.43, 2.15, 2.50, 2.99, 1.69  
32, 618998.203, 4204449.254, 0.63, 0.82, 2.42, 2.87, 3.32, 2.01  
33, 619003.548, 4204450.463, 0.76, 1.02, 2.56, 3.05, 3.47, 2.17  
34, 619009.195, 4204449.494, 0.68, 0.90, 2.47, 2.94, 3.38, 2.08  
35, 619014.805, 4204450.097, 0.88, 1.21, 2.69, 3.23, 3.63, 2.33  
36, 619020.286, 4204449.844, 1.04, 1.46, 2.86, 3.46, 3.83, 2.53  
37, 619025.819, 4204449.464, 1.10, 1.55, 2.93, 3.55, 3.91, 2.61  
38, 619030.993, 4204450.902, 1.30, 1.85, 3.14, 3.83, 4.15, 2.85  
39, 619036.876, 4204449.649, 1.41, 2.03, 3.26, 3.99, 4.30, 3.00  
40, 619042.406, 4204450.212, 1.53, 2.21, 3.38, 4.16, 4.44, 3.14  
41, 619047.771, 4204450.144, 1.74, 2.54, 3.61, 4.47, 4.71, 3.41  
42, 619053.364, 4204449.668, 1.82, 2.65, 3.69, 4.57, 4.80, 3.51  
43, 619058.981, 4204450.754, 2.17, 3.19, 4.06, 5.08, 5.24, 3.95  
44, 619064.547, 4204449.687, 2.02, 2.96, 3.90, 4.86, 5.05, 3.76  
45, 619069.803, 4204451.24, 2.00, 2.94, 3.89, 4.84, 5.04, 3.74  
46, 619075.257, 4204450.472, 2.17, 3.19, 4.06, 5.08, 5.24, 3.95  
47, 619079.757, 4204449.944, 2.05, 3.01, 3.94, 4.91, 5.10, 3.80  
48, 619079.712, 4204444.595, 2.11, 3.11, 4.00, 4.99, 5.17, 3.88  
49, 619080.97, 4204439.318, 1.87, 2.74, 3.75, 4.66, 4.88, 3.58  
50, 619079.803, 4204433.682, 1.84, 2.69, 3.71, 4.61, 4.83, 3.54  
51, 619080.459, 4204428.349, 1.64, 2.38, 3.50, 4.32, 4.58, 3.29  
52, 619080.247, 4204422.757, 1.71, 2.48, 3.57, 4.41, 4.66, 3.37  
53, 619080.019, 4204417.589, 1.35, 1.94, 3.19, 3.91, 4.22, 2.92  
54, 619080.493, 4204412.6, 1.63, 2.37, 3.49, 4.31, 4.57, 3.27  
55, 619079.602, 4204407.178, 1.64, 2.38, 3.50, 4.32, 4.58, 3.28  
56, 619079.83, 4204402.004, 2.10, 3.10, 4.00, 4.99, 5.17, 3.87  
57, 619079.977, 4204396.901, 2.32, 3.43, 4.23, 5.30, 5.44, 4.14  
58, 619079.076, 4204391.915, 2.33, 3.45, 4.24, 5.32, 5.45, 4.16  
59, 619079.243, 4204387.202, 1.97, 2.90, 3.86, 4.80, 5.00, 3.71  
60, 619075.091, 4204383.816, 2.76, 4.11, 4.70, 5.93, 5.99, 4.70  
61, 619070.385, 4204383.427, 3.24, 4.86, 5.22, 6.63, 6.60, 5.31  
62, 619065.023, 4204383.528, 2.96, 4.43, 4.92, 6.22, 6.25, 4.96  
63, 619060.032, 4204383.735, 3.09, 4.61, 5.05, 6.40, 6.40, 5.11  
64, 619054.713, 4204383.15, 2.64, 3.92, 4.57, 5.76, 5.84, 4.54  
65, 619049.48, 4204383.293, 2.40, 3.55, 4.31, 5.41, 5.53, 4.24  
66, 619044.204, 4204382.383, 2.06, 3.03, 3.95, 4.93, 5.11, 3.82  
67, 619038.918, 4204382.847, 2.37, 3.51, 4.28, 5.37, 5.50, 4.20  
68, 619033.505, 4204380.96, 1.98, 2.90, 3.86, 4.81, 5.01, 3.71  
69, 619028.325, 4204381.528, 1.63, 2.37, 3.49, 4.31, 4.57, 3.28  
70, 619023.219, 4204381.579, 1.68, 2.45, 3.55, 4.38, 4.64, 3.34  
71, 619017.673, 4204381.69, 1.47, 2.12, 3.32, 4.08, 4.37, 3.07  
72, 619011.987, 4204381.488, 1.26, 1.79, 3.09, 3.77, 4.10, 2.80  
73, 619006.749, 4204380.583, 1.00, 1.40, 2.82, 3.40, 3.78, 2.48  
74, 619001.18, 4204381.48, 0.72, 0.96, 2.51, 2.99, 3.42, 2.12  
75, 618995.933, 4204379.989, 0.44, 0.53, 2.22, 2.60, 3.08, 1.77  
76, 618990.273, 4204380.724, 0.34, 0.37, 2.11, 2.45, 2.95, 1.64  
77, 618984.782, 4204379.62, 0.14, 0.06, 1.89, 2.16, 2.69, 1.39  
78, 618979.057, 4204380.583, 0.00, 0.00, 1.45, 1.57, 2.17, 0.87  
79, 618973.902, 4204379.681, 0.00, 0.00, 1.40, 1.51, 2.13, 0.82  
80, 618968.692, 4204379.45, 0.00, 0.00, 1.61, 1.79, 2.37, 1.06  
81, 618963.299, 4204379.649, 0.00, 0.00, 1.57, 1.74, 2.32, 1.02  
82, 618957.958, 4204378.367, 0.11, 0.02, 1.86, 2.12, 2.66, 1.35  
83, 618951.915, 4204379.162, 0.32, 0.34, 2.09, 2.42, 2.92, 1.62  
84, 618946.57, 4204377.141, 0.40, 0.46, 2.17, 2.54, 3.02, 1.72  
85, 618941.152, 4204377.599, 0.58, 0.74, 2.36, 2.79, 3.24, 1.94  
86, 618935.445, 4204378.131, 0.60, 0.77, 2.38, 2.82, 3.27, 1.97  
87, 618930.148, 4204377.355, 0.84, 1.15, 2.64, 3.17, 3.58, 2.28  
88, 618924.4, 4204378.265, 0.58, 0.75, 2.37, 2.80, 3.26, 1.95  
89, 618919.274, 4204377.148, 0.54, 0.68, 2.32, 2.73, 3.19, 1.89  
90, 618913.446, 4204378.228, 0.65, 0.85, 2.44, 2.90, 3.34, 2.04  
91, 618907.96, 4204377.564, 0.51, 0.63, 2.28, 2.69, 3.16, 1.85  
92, 618902.631, 4204378.418, 0.33, 0.36, 2.09, 2.43, 2.93, 1.63  
93, 618897.45, 4204377.764, 0.71, 0.95, 2.51, 2.99, 3.42, 2.12  
94, 618892.143, 4204377.452, 0.53, 0.67, 2.31, 2.72, 3.19, 1.88  
95, 618886.646, 4204378.468, 0.70, 0.94, 2.50, 2.98, 3.41, 2.10  
96, 618881.468, 4204377.297, 0.28, 0.28, 2.04, 2.36, 2.87, 1.56  
97, 618875.861, 4204378.921, 0.24, 0.21, 1.99, 2.30, 2.82, 1.51  
98, 618870.356, 4204378.026, 0.35, 0.39, 2.12, 2.46, 2.96, 1.65  
99, 618864.915, 4204379.033, 0.37, 0.42, 2.14, 2.49, 2.98, 1.68  
100, 618859.328, 4204379.019, 0.53, 0.67, 2.31, 2.72, 3.19, 1.88  
101, 618854.053, 4204378.639, 0.17, 0.11, 1.92, 2.20, 2.73, 1.43  
102, 618848.696, 4204379.143, 0.19, 0.14, 1.94, 2.23, 2.76, 1.45  
103, 618843.73, 4204378.083, 0.37, 0.42, 2.14, 2.49, 2.98, 1.68  
104, 618838.181, 4204378.764, 0.16, 0.10, 1.91, 2.19, 2.72, 1.42  
105, 618832.692, 4204377.317, 0.23, 0.20, 1.99, 2.29, 2.81, 1.51  
106, 618825.738, 4204374.479, 0.96, 1.33, 2.77, 3.34, 3.72, 2.42  
107, 618826.82, 4204369.848, 0.96, 1.33, 2.77, 3.34, 3.73, 2.43  
108, 618825.998, 4204364.432, 1.38, 1.98, 3.22, 3.94, 4.25, 2.95  
109, 618826.889, 4204359.589, 1.09, 1.54, 2.91, 3.53, 3.89, 2.59  
110, 618825.804, 4204354.087, 1.37, 1.97, 3.21, 3.93, 4.24, 2.95  
111, 618826.521, 4204349.279, 1.15, 1.62, 2.98, 3.62, 3.97, 2.67  
112, 618825.813, 4204343.742, 1.32, 1.89, 3.16, 3.86, 4.18, 2.88  
113, 618826.329, 4204338.556, 0.86, 1.18, 2.66, 3.20, 3.60, 2.30  
114, 618825.911, 4204333.581, 0.96, 1.33, 2.77, 3.34, 3.72, 2.42  
115, 618825.762, 4204328.527, 1.12, 1.58, 2.94, 3.57, 3.93, 2.63  
116, 618825.717, 4204323.722, 0.94, 1.30, 2.75, 3.31, 3.70, 2.40  
117, 618825.276, 4204319.359, 1.55, 2.24, 3.40, 4.19, 4.46, 3.17  
118, 618826.17, 4204314.869, 1.62, 2.34, 3.47, 4.28, 4.55, 3.25  
119, 618826.035, 4204311.993, 1.62, 2.36, 3.48, 4.30, 4.56, 3.27  
120, 618829.96, 4204312.908, 1.41, 2.03, 3.25, 3.99, 4.29, 3.00  
121, 618835.055, 4204312.066, 1.13, 1.59, 2.95, 3.59, 3.94, 2.64  
122, 618839.805, 4204312.966, 0.45, 0.55, 2.23, 2.61, 3.09, 1.79  
123, 618844.978, 4204312.59, 0.62, 0.81, 2.41, 2.86, 3.31, 2.00  
124, 618849.812, 4204313.19, 0.87, 1.20, 2.68, 3.22, 3.62, 2.32  
125, 618855.297, 4204312.71, 0.75, 1.01, 2.55, 3.05, 3.47, 2.17  
126, 618860.256, 4204313.322, 0.33, 0.35, 2.09, 2.43, 2.93, 1.63  
127, 618865.736, 4204313.436, 0.61, 0.78, 2.39, 2.83, 3.28, 1.98  
128, 618870.719, 4204312.742, 0.35, 0.39, 2.12, 2.46, 2.96, 1.65  
129, 618875.584, 4204313.323, 0.61, 0.79, 2.40, 2.84, 3.29, 1.98  
130, 618880.773, 4204312.648, 0.50, 0.62, 2.28, 2.68, 3.15, 1.84  
131, 618886.18, 4204313.235, 0.22, 0.18, 1.98, 2.28, 2.79, 1.49  
132, 618891.396, 4204312.83, 0.71, 0.95, 2.51, 2.99, 3.42, 2.11  
133, 618896.257, 4204314.006, 0.99, 1.38, 2.80, 3.39, 3.77, 2.47  
134, 618901.488, 4204312.995, 0.92, 1.26, 2.72, 3.28, 3.67, 2.37  
135, 618906.352, 4204314.289, 0.86, 1.17, 2.66, 3.20, 3.60, 2.30  
136, 618911.583, 4204313.331, 0.88, 1.21, 2.69, 3.23, 3.63, 2.33  
137, 618916.424, 4204314.455, 1.14, 1.61, 2.96, 3.60, 3.95, 2.65  
138, 618921.745, 4204314.143, 1.22, 1.74, 3.05, 3.72, 4.06, 2.76  
139, 618926.758, 4204314.597, 1.16, 1.64, 2.99, 3.63, 3.98, 2.68  
140, 618932.02, 4204314.489, 1.20, 1.71, 3.03, 3.69, 4.04, 2.74  
141, 618937.056, 4204314.427, 1.26, 1.80, 3.10, 3.78, 4.11, 2.81  
142, 618942.365, 4204315.0, 1.33, 1.90, 3.16, 3.87, 4.19, 2.89  
143, 618947.408, 4204314.328, 1.83, 2.68, 3.71, 4.59, 4.82, 3.53  
144, 618952.638, 4204315.397, 1.56, 2.25, 3.41, 4.20, 4.48, 3.18  
145, 618957.752, 4204314.574, 1.29, 1.85, 3.13, 3.82, 4.15, 2.85  
146, 618962.738, 4204315.425, 1.38, 1.98, 3.22, 3.94, 4.25, 2.96  
147, 618967.991, 4204314.608, 0.65, 0.86, 2.44, 2.90, 3.34, 2.04  
148, 618973.164, 4204316.038, 0.80, 1.09, 2.60, 3.12, 3.53, 2.23  
149, 618978.88, 4204315.104, 1.11, 1.56, 2.93, 3.55, 3.91, 2.61  
150, 618984.063, 4204316.479, 1.81, 2.64, 3.68, 4.56, 4.79, 3.50  
151, 618989.321, 4204315.403, 2.07, 3.05, 3.96, 4.94, 5.12, 3.83  
152, 618994.201, 4204316.44, 2.37, 3.51, 4.29, 5.37, 5.50, 4.21  
153, 618999.393, 4204314.927, 2.74, 4.07, 4.68, 5.90, 5.96, 4.67  
154, 619004.483, 4204316.451, 2.65, 3.94, 4.59, 5.77, 5.85, 4.56  
155, 619009.961, 4204315.524, 2.72, 4.04, 4.66, 5.87, 5.93, 4.64  
156, 619015.078, 4204316.583, 3.07, 4.59, 5.03, 6.38, 6.38, 5.09  
157, 619020.616, 4204315.244, 3.52, 5.29, 5.52, 7.03, 6.95, 5.66  
158, 619026.166, 4204316.435, 3.68, 5.54, 5.69, 7.26, 7.15, 5.86  
159, 619031.137, 4204315.299, 3.91, 5.88, 5.93, 7.58, 7.43, 6.15  
160, 619036.174, 4204316.426, 4.05, 6.11, 6.09, 7.79, 7.61, 6.33  
161, 619041.721, 4204315.53, 4.15, 6.26, 6.19, 7.93, 7.73, 6.45  
162, 619046.964, 4204316.697, 3.98, 5.99, 6.01, 7.68, 7.52, 6.23  
163, 619052.283, 4204315.686, 3.62, 5.45, 5.63, 7.17, 7.07, 5.79  
164, 619057.419, 4204316.494, 3.19, 4.78, 5.16, 6.55, 6.53, 5.24  
165, 619062.838, 4204315.558, 2.45, 3.63, 4.37, 5.48, 5.60, 4.31  
166, 619067.985, 4204316.198, 1.96, 2.87, 3.84, 4.77, 4.98, 3.68  
167, 619073.22, 4204315.117, 1.52, 2.19, 3.37, 4.14, 4.43, 3.13  
168, 619076.412, 4204316.124, 1.15, 1.62, 2.97, 3.61, 3.96, 2.66  
169, 619076.27, 4204313.291, 1.66, 2.42, 3.53, 4.35, 4.61, 3.31  
170, 619077.237, 4204309.085, 1.57, 2.28, 3.43, 4.22, 4.50, 3.20  
171, 619076.636, 4204304.166, 2.00, 2.94, 3.89, 4.84, 5.04, 3.74  
172, 619077.387, 4204299.285, 1.88, 2.75, 3.76, 4.66, 4.88, 3.59  
173, 619076.169, 4204294.416, 1.34, 1.92, 3.18, 3.89, 4.21, 2.91  
174, 619077.111, 4204289.699, 1.62, 2.35, 3.48, 4.29, 4.56, 3.26  
175, 619076.318, 4204284.604, 1.60, 2.31, 3.45, 4.26, 4.53, 3.23  
176, 619077.232, 4204279.634, 1.13, 1.60, 2.96, 3.59, 3.95, 2.65  
177, 619076.499, 4204274.708, 0.98, 1.36, 2.79, 3.37, 3.75, 2.45  
178, 619077.295, 4204269.83, 0.73, 0.98, 2.53, 3.01, 3.44, 2.14  
179, 619076.317, 4204264.393, 0.82, 1.12, 2.63, 3.15, 3.56, 2.25  
180, 619077.249, 4204259.616, 1.33, 1.90, 3.17, 3.88, 4.19, 2.90  
181, 619076.652, 4204254.714, 2.00, 2.93, 3.88, 4.83, 5.03, 3.73  
182, 619076.528, 4204250.033, 2.01, 2.95, 3.89, 4.85, 5.04, 3.75  
183, 619074.947, 4204249.962, 2.07, 3.04, 3.96, 4.93, 5.12, 3.82  
184, 619070.979, 4204248.687, 2.12, 3.12, 4.01, 5.00, 5.18, 3.88  
185, 619065.742, 4204249.729, 1.79, 2.61, 3.66, 4.54, 4.77, 3.47  
186, 619060.639, 4204248.335, 1.43, 2.06, 3.28, 4.02, 4.32, 3.02  
187, 619055.618, 4204249.168, 1.53, 2.21, 3.38, 4.16, 4.45, 3.15  
188, 619050.33, 4204247.848, 1.75, 2.55, 3.62, 4.48, 4.72, 3.42  
189, 619044.989, 4204248.699, 1.91, 2.80, 3.79, 4.71, 4.92, 3.63  
190, 619039.666, 4204247.982, 1.67, 2.43, 3.53, 4.36, 4.62, 3.32  
191, 619034.489, 4204248.822, 1.59, 2.30, 3.45, 4.25, 4.52, 3.22  
192, 619029.196, 4204248.022, 1.63, 2.36, 3.49, 4.30, 4.57, 3.27  
193, 619024.193, 4204248.772, 1.72, 2.50, 3.58, 4.43, 4.68, 3.38  
194, 619019.307, 4204247.727, 1.86, 2.72, 3.74, 4.64, 4.86, 3.57  
195, 619014.391, 4204248.093, 1.84, 2.69, 3.72, 4.61, 4.83, 3.54  
196, 619009.354, 4204247.101, 1.97, 2.89, 3.86, 4.80, 5.00, 3.70  
197, 619004.023, 4204247.438, 2.02, 2.96, 3.90, 4.86, 5.05, 3.76  
198, 618998.752, 4204246.57, 2.12, 3.13, 4.02, 5.01, 5.19, 3.89  
199, 618993.255, 4204246.811, 2.20, 3.24, 4.10, 5.12, 5.28, 3.99  
200, 618988.316, 4204246.429, 2.11, 3.11, 4.01, 5.00, 5.17, 3.88  
201, 618983.127, 4204247.174, 2.17, 3.20, 4.07, 5.08, 5.25, 3.96  
202, 618978.118, 4204246.46, 2.38, 3.52, 4.29, 5.38, 5.51, 4.21  
203, 618972.837, 4204247.058, 2.36, 3.50, 4.28, 5.36, 5.49, 4.20  
204, 618967.909, 4204246.131, 2.23, 3.29, 4.13, 5.17, 5.32, 4.03  
205, 618962.655, 4204247.19, 1.78, 2.60, 3.66, 4.53, 4.76, 3.47  
206, 618957.352, 4204246.213, 1.42, 2.04, 3.27, 4.00, 4.31, 3.01  
207, 618952.224, 4204247.298, 1.68, 2.44, 3.54, 4.37, 4.63, 3.33  
208, 618947.089, 4204246.218, 1.76, 2.56, 3.63, 4.49, 4.73, 3.43  
209, 618941.946, 4204247.207, 2.23, 3.30, 4.14, 5.17, 5.33, 4.03  
210, 618937.061, 4204246.052, 2.06, 3.04, 3.95, 4.93, 5.11, 3.82  
211, 618931.776, 4204247.202, 1.69, 2.46, 3.55, 4.39, 4.65, 3.35  
212, 618926.367, 4204245.953, 1.74, 2.54, 3.61, 4.47, 4.71, 3.41  
213, 618920.598, 4204246.816, 1.44, 2.07, 3.29, 4.03, 4.33, 3.03  
214, 618915.724, 4204245.427, 1.42, 2.04, 3.27, 4.00, 4.31, 3.01  
215, 618910.298, 4204246.379, 1.14, 1.61, 2.96, 3.60, 3.95, 2.65  
216, 618904.928, 4204245.389, 1.09, 1.53, 2.91, 3.53, 3.89, 2.59  
217, 618899.296, 4204246.095, 1.49, 2.14, 3.34, 4.10, 4.39, 3.09  
218, 618894.08, 4204244.915, 1.78, 2.60, 3.65, 4.52, 4.76, 3.46  
219, 618888.719, 4204245.695, 1.81, 2.65, 3.69, 4.57, 4.80, 3.51  
220, 618883.409, 4204245.47, 1.39, 1.99, 3.23, 3.96, 4.27, 2.97  
221, 618878.246, 4204245.61, 1.42, 2.05, 3.27, 4.01, 4.31, 3.01  
222, 618872.707, 4204245.258, 1.14, 1.62, 2.97, 3.61, 3.96, 2.66  
223, 618867.632, 4204245.097, 1.27, 1.81, 3.10, 3.78, 4.11, 2.81  
224, 618862.307, 4204245.146, 1.23, 1.74, 3.06, 3.73, 4.06, 2.76  
225, 618857.016, 4204244.777, 1.12, 1.57, 2.94, 3.57, 3.92, 2.62  
226, 618851.936, 4204244.635, 1.08, 1.51, 2.90, 3.51, 3.88, 2.58  
227, 618846.988, 4204245.129, 1.06, 1.48, 2.87, 3.48, 3.85, 2.55  
228, 618841.942, 4204244.322, 1.11, 1.56, 2.93, 3.55, 3.91, 2.61  
229, 618837.055, 4204244.883, 0.95, 1.31, 2.76, 3.33, 3.71, 2.41  
230, 618832.002, 4204244.12, 0.93, 1.29, 2.74, 3.30, 3.69, 2.39  
231, 618827.396, 4204245.473, 1.27, 1.81, 3.10, 3.78, 4.11, 2.81  
232, 618824.407, 4204240.761, 0.65, 0.85, 2.44, 2.89, 3.33, 2.03  
233, 618823.494, 4204235.632, 0.51, 0.64, 2.29, 2.70, 3.17, 1.86  
234, 618824.781, 4204230.669, 0.58, 0.74, 2.36, 2.79, 3.25, 1.95  
235, 618824.028, 4204225.366, 0.28, 0.29, 2.05, 2.37, 2.88, 1.57  
236, 618825.25, 4204220.248, 0.40, 0.47, 2.17, 2.54, 3.03, 1.72  
237, 618824.649, 4204214.695, 0.45, 0.55, 2.23, 2.61, 3.09, 1.79  
238, 618825.413, 4204209.554, 0.59, 0.76, 2.38, 2.81, 3.26, 1.96  
239, 618825.36, 4204204.174, 0.47, 0.57, 2.24, 2.63, 3.11, 1.80  
240, 618825.239, 4204198.96, 0.33, 0.36, 2.10, 2.44, 2.94, 1.63  
241, 618825.708, 4204193.845, 1.02, 1.42, 2.83, 3.43, 3.80, 2.50  
242, 618826.054, 4204188.488, 0.74, 0.99, 2.54, 3.03, 3.45, 2.15  
243, 618826.354, 4204183.539, 0.90, 1.24, 2.71, 3.26, 3.65, 2.35  
244, 618826.922, 4204178.506, 1.32, 1.88, 3.16, 3.86, 4.18, 2.88  
245, 618827.691, 4204175.222, 1.24, 1.76, 3.07, 3.74, 4.07, 2.77  
246, 618831.876, 4204175.402, 1.64, 2.38, 3.50, 4.32, 4.58, 3.29  
247, 618837.019, 4204176.089, 1.11, 1.57, 2.93, 3.56, 3.92, 2.62  
248, 618841.932, 4204177.284, 1.26, 1.79, 3.09, 3.77, 4.10, 2.80  
249, 618847.23, 4204177.07, 1.35, 1.94, 3.19, 3.91, 4.22, 2.92  
250, 618852.6, 4204177.664, 1.53, 2.21, 3.38, 4.16, 4.45, 3.15  
251, 618858.1, 4204177.41, 1.19, 1.68, 3.02, 3.67, 4.01, 2.71  
252, 618863.322, 4204177.468, 1.40, 2.01, 3.24, 3.97, 4.28, 2.98  
253, 618868.846, 4204178.268, 1.42, 2.03, 3.26, 4.00, 4.30, 3.00  
254, 618874.304, 4204177.187, 1.50, 2.16, 3.35, 4.12, 4.41, 3.11  
255, 618879.544, 4204178.223, 1.58, 2.29, 3.44, 4.23, 4.51, 3.21  
256, 618885.339, 4204177.154, 1.21, 1.72, 3.04, 3.71, 4.05, 2.75  
257, 618890.73, 4204178.37, 1.66, 2.41, 3.52, 4.34, 4.60, 3.31  
258, 618896.134, 4204177.891, 1.55, 2.25, 3.41, 4.19, 4.47, 3.17  
259, 618901.697, 4204178.719, 1.63, 2.36, 3.49, 4.30, 4.57, 3.27  
260, 618906.833, 4204179.141, 1.67, 2.43, 3.54, 4.37, 4.63, 3.33  
261, 618912.185, 4204179.007, 2.14, 3.16, 4.04, 5.04, 5.21, 3.92  
262, 618917.795, 4204179.29, 2.41, 3.57, 4.33, 5.43, 5.55, 4.26  
263, 618923.045, 4204178.94, 2.35, 3.48, 4.26, 5.34, 5.48, 4.18  
264, 618928.498, 4204179.523, 2.44, 3.61, 4.35, 5.47, 5.58, 4.29  
265, 618934.258, 4204178.589, 1.98, 2.90, 3.86, 4.80, 5.00, 3.71  
266, 618939.966, 4204179.985, 2.04, 3.01, 3.93, 4.90, 5.09, 3.80  
267, 618945.772, 4204178.677, 1.78, 2.59, 3.65, 4.52, 4.76, 3.46  
268, 618950.769, 4204179.76, 1.44, 2.07, 3.29, 4.03, 4.33, 3.03  
269, 618956.237, 4204180.552, 1.36, 1.95, 3.20, 3.91, 4.23, 2.93  
270, 618961.641, 4204179.777, 1.89, 2.77, 3.77, 4.68, 4.90, 3.60  
271, 618967.115, 4204180.96, 2.36, 3.50, 4.28, 5.36, 5.49, 4.20  
272, 618972.839, 4204179.474, 2.88, 4.30, 4.83, 6.11, 6.14, 4.85  
273, 618978.188, 4204180.784, 3.01, 4.50, 4.97, 6.29, 6.31, 5.02  
274, 618983.913, 4204179.754, 3.52, 5.28, 5.52, 7.02, 6.94, 5.66  
275, 618989.23, 4204180.178, 3.56, 5.35, 5.56, 7.08, 7.00, 5.71  
276, 618994.711, 4204180.966, 3.73, 5.62, 5.75, 7.33, 7.21, 5.93  
277, 619000.583, 4204179.937, 3.51, 5.27, 5.50, 7.01, 6.93, 5.64  
278, 619006.104, 4204181.142, 3.32, 4.97, 5.30, 6.73, 6.69, 5.40  
279, 619011.766, 4204180.296, 3.32, 4.98, 5.30, 6.74, 6.69, 5.41  
280, 619017.082, 4204180.771, 3.21, 4.81, 5.19, 6.58, 6.56, 5.27  
281, 619022.705, 4204180.726, 3.16, 4.73, 5.13, 6.51, 6.49, 5.21  
282, 619028.139, 4204179.919, 3.16, 4.72, 5.13, 6.50, 6.49, 5.20  
283, 619033.734, 4204180.805, 2.62, 3.90, 4.55, 5.73, 5.82, 4.53  
284, 619039.546, 4204179.478, 2.11, 3.11, 4.01, 5.00, 5.18, 3.88  
285, 619044.737, 4204179.66, 1.54, 2.23, 3.39, 4.18, 4.46, 3.16  
286, 619050.232, 4204180.394, 1.50, 2.17, 3.36, 4.13, 4.41, 3.11  
287, 619056.335, 4204178.709, 2.19, 3.23, 4.09, 5.11, 5.27, 3.98  
288, 619061.341, 4204179.935, 2.53, 3.76, 4.46, 5.60, 5.70, 4.41  
289, 619066.941, 4204178.976, 2.85, 4.26, 4.80, 6.07, 6.11, 4.82  
290, 619072.406, 4204180.03, 2.93, 4.37, 4.88, 6.17, 6.20, 4.91  
291, 619077.057, 4204179.64, 2.25, 3.32, 4.16, 5.20, 5.35, 4.06  
292, 619078.0, 4204177.372, 2.32, 3.43, 4.23, 5.29, 5.43, 4.14  
293, 619077.761, 4204172.662, 2.59, 3.85, 4.52, 5.69, 5.78, 4.49  
294, 619077.528, 4204167.7, 2.79, 4.16, 4.74, 5.98, 6.03, 4.74  
295, 619078.16, 4204163.015, 3.08, 4.61, 5.05, 6.40, 6.40, 5.11  
296, 619077.639, 4204157.662, 4.00, 6.02, 6.03, 7.71, 7.54, 6.26  
297, 619077.483, 4204152.817, 3.83, 5.77, 5.85, 7.47, 7.34, 6.05  
298, 619077.676, 4204147.548, 3.49, 5.24, 5.49, 6.98, 6.91, 5.62  
299, 619077.492, 4204142.596, 2.83, 4.22, 4.78, 6.03, 6.08, 4.79  
300, 619077.887, 4204137.308, 3.20, 4.80, 5.18, 6.57, 6.55, 5.26  
301, 619076.704, 4204132.675, 2.95, 4.40, 4.90, 6.20, 6.22, 4.93  
302, 619076.809, 4204127.462, 3.23, 4.83, 5.20, 6.60, 6.58, 5.29  
303, 619076.572, 4204122.227, 3.05, 4.56, 5.02, 6.35, 6.36, 5.07  
304, 619076.402, 4204117.449, 2.91, 4.34, 4.86, 6.14, 6.17, 4.88  
305, 619076.932, 4204113.286, 2.97, 4.43, 4.92, 6.23, 6.25, 4.96  
306, 619074.556, 4204112.221, 3.16, 4.73, 5.13, 6.51, 6.50, 5.21  
307, 619069.604, 4204112.667, 3.11, 4.65, 5.08, 6.43, 6.43, 5.14  
308, 619064.608, 4204111.944, 3.05, 4.56, 5.02, 6.35, 6.36, 5.07  
309, 619059.696, 4204112.313, 3.46, 5.19, 5.45, 6.94, 6.87, 5.58  
310, 619054.743, 4204112.096, 3.82, 5.75, 5.84, 7.45, 7.32, 6.04  
311, 619049.771, 4204111.831, 3.99, 6.01, 6.02, 7.69, 7.53, 6.25  
312, 619045.007, 4204112.255, 4.62, 6.99, 6.70, 8.60, 8.33, 7.05  
313, 619040.636, 4204111.475, 4.56, 6.89, 6.63, 8.52, 8.25, 6.97  
314, 619035.19, 4204111.492, 4.81, 7.28, 6.90, 8.88, 8.57, 7.29  
315, 619030.149, 4204110.671, 4.86, 7.36, 6.95, 8.95, 8.63, 7.35  
316, 619024.587, 4204111.219, 4.56, 6.89, 6.63, 8.51, 8.25, 6.97  
317, 619019.597, 4204110.357, 4.94, 7.48, 7.04, 9.06, 8.73, 7.45  
318, 619014.16, 4204110.041, 5.22, 7.91, 7.34, 9.46, 9.08, 7.80  
319, 619008.896, 4204109.54, 5.41, 8.21, 7.55, 9.74, 9.32, 8.05  
320, 619003.728, 4204109.591, 5.46, 8.29, 7.60, 9.82, 9.39, 8.11  
321, 618998.428, 4204109.02, 5.03, 7.62, 7.14, 9.20, 8.84, 7.57  
322, 618992.748, 4204109.497, 3.72, 5.60, 5.73, 7.31, 7.20, 5.91  
323, 618987.616, 4204108.801, 4.46, 6.73, 6.52, 8.37, 8.12, 6.84  
324, 618982.023, 4204108.552, 4.17, 6.29, 6.21, 7.95, 7.76, 6.48  
325, 618976.987, 4204107.543, 4.02, 6.06, 6.05, 7.74, 7.57, 6.29  
326, 618971.672, 4204108.248, 2.98, 4.45, 4.94, 6.25, 6.26, 4.97  
327, 618966.238, 4204107.344, 2.82, 4.20, 4.77, 6.02, 6.07, 4.77  
328, 618960.705, 4204108.392, 2.64, 3.92, 4.57, 5.76, 5.84, 4.54  
329, 618955.528, 4204107.44, 2.47, 3.66, 4.39, 5.51, 5.62, 4.33  
330, 618950.232, 4204108.282, 3.58, 5.38, 5.58, 7.11, 7.02, 5.73  
331, 618944.881, 4204107.34, 4.30, 6.49, 6.35, 8.14, 7.92, 6.64  
332, 618939.482, 4204108.215, 4.41, 6.67, 6.47, 8.31, 8.07, 6.79  
333, 618934.101, 4204107.719, 4.64, 7.01, 6.71, 8.63, 8.35, 7.07  
334, 618928.753, 4204107.75, 4.43, 6.68, 6.49, 8.32, 8.08, 6.80  
335, 618923.502, 4204107.497, 4.01, 6.04, 6.04, 7.73, 7.56, 6.27  
336, 618918.29, 4204107.047, 4.00, 6.03, 6.03, 7.72, 7.55, 6.27  
337, 618913.113, 4204106.534, 3.83, 5.77, 5.85, 7.47, 7.34, 6.05  
338, 618907.78, 4204106.375, 3.84, 5.78, 5.86, 7.48, 7.34, 6.06  
339, 618902.432, 4204106.881, 3.50, 5.26, 5.50, 7.00, 6.92, 5.63  
340, 618897.028, 4204106.431, 3.68, 5.53, 5.69, 7.25, 7.14, 5.86  
341, 618891.571, 4204107.037, 3.02, 4.52, 4.98, 6.31, 6.32, 5.03  
342, 618885.96, 4204106.214, 2.80, 4.18, 4.75, 5.99, 6.04, 4.75  
343, 618880.33, 4204106.858, 2.83, 4.22, 4.77, 6.03, 6.08, 4.78  
344, 618875.286, 4204105.72, 3.01, 4.50, 4.97, 6.29, 6.30, 5.01  
345, 618869.838, 4204106.711, 3.28, 4.92, 5.26, 6.68, 6.65, 5.36  
346, 618864.244, 4204105.7, 2.73, 4.06, 4.67, 5.89, 5.95, 4.66  
347, 618858.791, 4204106.552, 2.72, 4.05, 4.66, 5.88, 5.94, 4.65  
348, 618853.335, 4204106.289, 2.48, 3.67, 4.40, 5.52, 5.63, 4.34  
349, 618848.061, 4204105.707, 2.11, 3.11, 4.00, 4.99, 5.17, 3.88  
350, 618842.591, 4204106.511, 2.18, 3.22, 4.08, 5.10, 5.26, 3.97  
351, 618837.562, 4204105.466, 2.18, 3.21, 4.08, 5.09, 5.26, 3.96  
352, 618832.488, 4204106.553, 2.33, 3.45, 4.24, 5.32, 5.45, 4.16  
353, 618827.496, 4204105.316, 2.43, 3.61, 4.35, 5.46, 5.58, 4.29  
354, 618824.493, 4204103.74, 2.67, 3.97, 4.60, 5.80, 5.87, 4.58  
355, 618825.047, 4204099.153, 2.18, 3.22, 4.08, 5.10, 5.27, 3.97  
356, 618824.925, 4204094.34, 2.50, 3.71, 4.42, 5.56, 5.66, 4.37  
357, 618824.48, 4204089.296, 2.36, 3.50, 4.28, 5.36, 5.49, 4.20  
358, 618825.374, 4204084.712, 2.67, 3.97, 4.60, 5.80, 5.87, 4.58  
359, 618824.919, 4204079.765, 2.79, 4.16, 4.73, 5.97, 6.03, 4.73  
360, 618825.811, 4204074.752, 2.43, 3.60, 4.35, 5.46, 5.58, 4.28  
361, 618824.525, 4204069.427, 2.77, 4.13, 4.71, 5.95, 6.00, 4.71  
362, 618825.675, 4204064.328, 3.49, 5.24, 5.48, 6.98, 6.91, 5.62  
363, 618824.532, 4204058.597, 3.12, 4.67, 5.09, 6.45, 6.45, 5.16  
364, 618825.358, 4204053.317, 4.34, 6.55, 6.40, 8.20, 7.98, 6.70  
365, 618825.563, 4204047.824, 4.32, 6.53, 6.38, 8.18, 7.96, 6.67  
366, 618825.392, 4204042.327, 3.91, 5.89, 5.93, 7.58, 7.43, 6.15  
367, 618829.712, 4204036.772, 4.53, 6.85, 6.60, 8.48, 8.22, 6.94  
368, 618834.667, 4204037.905, 4.18, 6.31, 6.23, 7.98, 7.78, 6.50  
369, 618840.329, 4204037.109, 3.63, 5.46, 5.64, 7.18, 7.08, 5.80  
370, 618845.646, 4204038.277, 3.82, 5.75, 5.84, 7.45, 7.32, 6.04  
371, 618851.297, 4204037.524, 3.61, 5.42, 5.61, 7.15, 7.06, 5.77  
372, 618856.657, 4204038.353, 3.62, 5.44, 5.62, 7.17, 7.07, 5.78  
373, 618862.295, 4204037.942, 2.84, 4.24, 4.79, 6.05, 6.09, 4.80  
374, 618867.841, 4204038.121, 2.42, 3.59, 4.34, 5.44, 5.56, 4.27  
375, 618873.336, 4204038.886, 2.78, 4.15, 4.73, 5.96, 6.02, 4.73  
376, 618879.17, 4204037.501, 2.95, 4.40, 4.91, 6.20, 6.23, 4.94  
377, 618884.385, 4204038.408, 3.14, 4.69, 5.10, 6.47, 6.46, 5.17  
378, 618889.653, 4204037.744, 3.13, 4.68, 5.10, 6.46, 6.46, 5.17  
379, 618894.914, 4204038.715, 3.11, 4.65, 5.08, 6.43, 6.43, 5.14  
380, 618900.511, 4204037.908, 4.11, 6.19, 6.15, 7.87, 7.68, 6.40  
381, 618905.793, 4204038.322, 4.37, 6.60, 6.43, 8.24, 8.01, 6.73  
382, 618911.16, 4204038.611, 4.64, 7.02, 6.72, 8.64, 8.36, 7.08  
383, 618916.864, 4204037.258, 3.49, 5.25, 5.49, 6.99, 6.91, 5.63  
384, 618921.992, 4204038.507, 3.25, 4.86, 5.22, 6.63, 6.60, 5.31  
385, 618927.886, 4204037.429, 3.15, 4.71, 5.12, 6.49, 6.48, 5.19  
386, 618932.954, 4204038.393, 3.02, 4.52, 4.99, 6.31, 6.32, 5.03  
387, 618938.619, 4204038.685, 3.47, 5.20, 5.46, 6.95, 6.88, 5.59  
388, 618944.519, 4204037.16, 3.72, 5.59, 5.73, 7.31, 7.19, 5.91  
389, 618949.998, 4204038.632, 3.73, 5.61, 5.74, 7.32, 7.21, 5.92  
390, 618955.492, 4204038.222, 3.55, 5.33, 5.55, 7.07, 6.98, 5.70  
391, 618961.106, 4204038.493, 2.71, 4.03, 4.65, 5.86, 5.92, 4.63  
392, 618966.259, 4204039.633, 3.08, 4.60, 5.04, 6.39, 6.39, 5.10  
393, 618972.03, 4204038.621, 3.18, 4.76, 5.15, 6.54, 6.52, 5.23  
394, 618977.414, 4204039.783, 3.20, 4.79, 5.17, 6.56, 6.54, 5.25  
395, 618982.843, 4204039.417, 3.12, 4.67, 5.09, 6.45, 6.44, 5.15  
396, 618988.268, 4204039.624, 3.11, 4.65, 5.07, 6.43, 6.42, 5.14  
397, 618993.985, 4204040.879, 2.80, 4.17, 4.74, 5.99, 6.04, 4.75  
398, 618999.468, 4204039.99, 3.69, 5.55, 5.70, 7.27, 7.16, 5.87  
399, 619004.774, 4204040.362, 4.25, 6.42, 6.30, 8.08, 7.87, 6.58  
400, 619010.036, 4204040.814, 5.70, 8.66, 7.86, 10.16, 9.69, 8.41  
401, 619015.681, 4204040.224, 5.43, 8.23, 7.56, 9.76, 9.34, 8.06  
402, 619021.048, 4204041.389, 4.85, 7.34, 6.94, 8.93, 8.62, 7.34  
403, 619026.686, 4204040.815, 4.47, 6.76, 6.54, 8.39, 8.14, 6.86  
404, 619032.187, 4204041.663, 4.17, 6.29, 6.21, 7.96, 7.76, 6.48  
405, 619037.559, 4204041.608, 4.68, 7.08, 6.76, 8.69, 8.41, 7.13  
406, 619043.181, 4204041.707, 4.73, 7.15, 6.81, 8.76, 8.46, 7.18  
407, 619048.584, 4204042.677, 4.76, 7.20, 6.85, 8.80, 8.50, 7.22  
408, 619054.236, 4204041.688, 3.94, 5.93, 5.96, 7.62, 7.47, 6.18  
409, 619059.89, 4204042.759, 4.85, 7.34, 6.94, 8.93, 8.61, 7.34  
410, 619065.469, 4204041.885, 5.54, 8.40, 7.68, 9.92, 9.48, 8.20  
411, 619071.083, 4204042.076, 5.53, 8.40, 7.68, 9.92, 9.48, 8.20  
412, 619076.304, 4204042.2, 5.20, 7.89, 7.32, 9.44, 9.06, 7.78  
413, 619080.224, 4204040.237, 3.93, 5.92, 5.96, 7.62, 7.46, 6.18  
414, 619079.518, 4204036.482, 5.44, 8.25, 7.58, 9.78, 9.36, 8.08  
415, 619079.384, 4204031.873, 5.66, 8.58, 7.81, 10.09, 9.63, 8.35  
416, 619078.79, 4204026.43, 4.66, 7.04, 6.73, 8.66, 8.37, 7.09  
417, 619079.708, 4204021.417, 4.74, 7.17, 6.82, 8.78, 8.48, 7.20  
418, 619078.813, 4204015.539, 4.96, 7.50, 7.06, 9.09, 8.75, 7.47  
419, 619079.499, 4204010.191, 4.55, 6.88, 6.62, 8.51, 8.24, 6.96  
420, 619078.91, 4204004.651, 4.05, 6.11, 6.09, 7.79, 7.62, 6.33  
421, 619078.307, 4203999.009, 3.56, 5.34, 5.55, 7.07, 6.99, 5.70  
422, 619078.966, 4203993.629, 3.63, 5.46, 5.64, 7.18, 7.08, 5.80  
423, 619078.184, 4203987.951, 3.76, 5.65, 5.77, 7.36, 7.24, 5.96  
424, 619078.428, 4203982.617, 3.60, 5.41, 5.61, 7.14, 7.05, 5.76  
425, 619077.99, 4203977.483, 3.23, 4.83, 5.20, 6.60, 6.58, 5.29  
426, 619076.788, 4203973.346, 2.91, 4.35, 4.87, 6.15, 6.18, 4.89  
427, 619071.957, 4203971.791, 3.23, 4.84, 5.21, 6.61, 6.58, 5.30  
428, 619066.662, 4203972.445, 3.07, 4.59, 5.04, 6.38, 6.38, 5.09  
429, 619061.779, 4203971.526, 2.63, 3.91, 4.56, 5.74, 5.82, 4.53  
430, 619057.086, 4203974.146, 3.02, 4.51, 4.98, 6.30, 6.31, 5.03  
431, 619051.711, 4203973.239, 3.04, 4.55, 5.01, 6.34, 6.35, 5.06  
432, 619046.148, 4203973.461, 3.66, 5.51, 5.67, 7.23, 7.12, 5.84  
433, 619041.38, 4203972.009, 3.68, 5.53, 5.69, 7.25, 7.15, 5.86  
434, 619035.586, 4203973.154, 3.31, 4.96, 5.29, 6.72, 6.68, 5.39  
435, 619030.258, 4203972.44, 2.93, 4.37, 4.88, 6.18, 6.20, 4.91  
436, 619024.858, 4203972.746, 3.41, 5.12, 5.40, 6.87, 6.81, 5.52  
437, 619018.932, 4203972.918, 3.17, 4.75, 5.14, 6.52, 6.51, 5.22  
438, 619013.661, 4203971.735, 2.98, 4.46, 4.94, 6.25, 6.27, 4.98  
439, 619007.94, 4203972.635, 3.10, 4.64, 5.07, 6.42, 6.42, 5.13  
440, 619002.43, 4203971.276, 2.38, 3.52, 4.29, 5.38, 5.51, 4.22  
441, 618996.766, 4203971.78, 2.48, 3.68, 4.40, 5.53, 5.64, 4.34  
442, 618991.332, 4203971.675, 2.06, 3.03, 3.95, 4.92, 5.11, 3.81  
443, 618986.077, 4203971.427, 2.64, 3.92, 4.57, 5.76, 5.84, 4.55  
444, 618980.682, 4203971.747, 3.01, 4.50, 4.97, 6.29, 6.31, 5.02  
445, 618975.684, 4203970.372, 3.17, 4.75, 5.14, 6.52, 6.51, 5.22  
446, 618970.157, 4203971.116, 3.17, 4.75, 5.14, 6.52, 6.51, 5.22  
447, 618964.736, 4203970.872, 1.77, 2.58, 3.64, 4.50, 4.74, 3.45  
448, 618959.757, 4203970.152, 3.90, 5.87, 5.92, 7.56, 7.42, 6.13  
449, 618954.377, 4203971.118, 4.37, 6.60, 6.43, 8.25, 8.01, 6.73  
450, 618948.918, 4203970.349, 3.89, 5.85, 5.91, 7.55, 7.40, 6.12  
451, 618943.676, 4203970.185, 3.51, 5.27, 5.51, 7.01, 6.93, 5.65  
452, 618938.151, 4203970.753, 2.75, 4.09, 4.69, 5.91, 5.97, 4.68  
453, 618933.124, 4203969.777, 2.08, 3.06, 3.97, 4.95, 5.13, 3.84  
454, 618927.498, 4203970.105, 4.04, 6.09, 6.07, 7.77, 7.60, 6.31  
455, 618921.758, 4203970.38, 4.29, 6.48, 6.34, 8.13, 7.91, 6.63  
456, 618916.473, 4203969.252, 4.33, 6.54, 6.38, 8.19, 7.96, 6.68  
457, 618911.091, 4203970.11, 4.04, 6.10, 6.08, 7.78, 7.60, 6.32  
458, 618905.901, 4203969.316, 4.80, 7.26, 6.89, 8.86, 8.55, 7.27  
459, 618900.67, 4203969.42, 4.36, 6.58, 6.41, 8.23, 8.00, 6.71  
460, 618895.176, 4203970.125, 3.67, 5.52, 5.68, 7.24, 7.13, 5.85  
461, 618890.422, 4203968.988, 4.20, 6.34, 6.25, 8.01, 7.80, 6.52  
462, 618884.898, 4203969.348, 3.71, 5.57, 5.72, 7.29, 7.18, 5.89  
463, 618879.696, 4203969.214, 4.31, 6.50, 6.36, 8.16, 7.94, 6.65  
464, 618874.089, 4203968.668, 4.21, 6.35, 6.25, 8.01, 7.81, 6.53  
465, 618868.346, 4203969.279, 3.85, 5.79, 5.87, 7.50, 7.36, 6.07  
466, 618863.118, 4203967.856, 2.93, 4.37, 4.88, 6.17, 6.20, 4.91  
467, 618857.567, 4203969.248, 2.88, 4.30, 4.83, 6.11, 6.14, 4.85  
468, 618852.167, 4203968.306, 3.53, 5.30, 5.53, 7.04, 6.96, 5.67  
469, 618846.488, 4203968.532, 3.28, 4.92, 5.26, 6.68, 6.65, 5.36  
470, 618841.059, 4203968.531, 2.81, 4.19, 4.76, 6.00, 6.05, 4.76  
471, 618835.989, 4203967.311, 3.83, 5.76, 5.85, 7.47, 7.33, 6.05  
472, 618830.691, 4203968.139, 4.28, 6.46, 6.33, 8.11, 7.90, 6.61  
473, 618825.003, 4203963.51, 3.25, 4.87, 5.23, 6.64, 6.61, 5.32  
474, 618825.438, 4203958.753, 3.37, 5.05, 5.35, 6.80, 6.75, 5.47  
475, 618825.071, 4203953.704, 3.48, 5.22, 5.47, 6.96, 6.89, 5.60  
476, 618825.774, 4203948.814, 3.19, 4.78, 5.17, 6.55, 6.53, 5.24  
477, 618826.157, 4203943.128, 3.18, 4.76, 5.15, 6.53, 6.52, 5.23  
478, 618825.655, 4203937.798, 3.77, 5.67, 5.78, 7.38, 7.26, 5.97  
479, 618826.591, 4203932.853, 4.45, 6.73, 6.52, 8.37, 8.12, 6.84  
480, 618826.779, 4203927.779, 4.88, 7.39, 6.98, 8.98, 8.66, 7.38  
481, 618830.288, 4203924.039, 4.89, 7.39, 6.98, 8.99, 8.66, 7.38  
482, 618835.117, 4203923.765, 4.94, 7.48, 7.04, 9.06, 8.73, 7.45  
483, 618840.516, 4203923.389, 4.88, 7.38, 6.97, 8.97, 8.65, 7.37  
484, 618845.819, 4203924.515, 4.31, 6.51, 6.36, 8.16, 7.94, 6.66  
485, 618851.155, 4203923.76, 4.46, 6.73, 6.52, 8.37, 8.12, 6.84  
486, 618856.305, 4203924.444, 4.59, 6.94, 6.66, 8.56, 8.29, 7.01  
487, 618861.648, 4203924.617, 3.94, 5.93, 5.96, 7.62, 7.47, 6.18  
488, 618866.804, 4203924.084, 3.80, 5.73, 5.82, 7.43, 7.30, 6.02  
489, 618872.066, 4203925.011, 3.53, 5.30, 5.52, 7.03, 6.95, 5.67  
490, 618877.5, 4203924.384, 3.52, 5.29, 5.52, 7.03, 6.95, 5.66  
491, 618882.936, 4203925.054, 3.44, 5.17, 5.44, 6.91, 6.85, 5.56  
492, 618888.266, 4203924.137, 3.81, 5.74, 5.83, 7.44, 7.31, 6.03  
493, 618893.686, 4203924.789, 3.33, 4.98, 5.31, 6.74, 6.70, 5.41  
494, 618899.354, 4203923.697, 3.26, 4.89, 5.24, 6.66, 6.62, 5.34  
495, 618904.562, 4203924.47, 3.55, 5.34, 5.55, 7.07, 6.99, 5.70  
496, 618910.029, 4203924.334, 3.23, 4.84, 5.21, 6.61, 6.58, 5.29  
497, 618915.613, 4203923.961, 3.43, 5.15, 5.42, 6.89, 6.83, 5.54  
498, 618921.001, 4203925.016, 2.76, 4.11, 4.70, 5.93, 5.99, 4.70  
499, 618926.256, 4203924.134, 2.48, 3.68, 4.40, 5.53, 5.64, 4.34  
500, 618931.463, 4203925.029, 2.19, 3.24, 4.09, 5.12, 5.28, 3.98  
501, 618936.792, 4203924.601, 2.18, 3.21, 4.08, 5.09, 5.26, 3.96  
502, 618942.023, 4203925.344, 2.83, 4.23, 4.78, 6.04, 6.08, 4.79  
503, 618947.682, 4203925.138, 2.87, 4.28, 4.82, 6.08, 6.12, 4.83  
504, 618953.12, 4203925.579, 2.72, 4.05, 4.66, 5.88, 5.94, 4.65  
505, 618958.385, 4203925.204, 2.49, 3.70, 4.41, 5.55, 5.65, 4.36  
506, 618963.913, 4203924.715, 2.52, 3.73, 4.44, 5.58, 5.68, 4.39  
507, 618969.098, 4203925.899, 2.20, 3.25, 4.10, 5.13, 5.29, 3.99  
508, 618974.4, 4203925.41, 2.35, 3.48, 4.26, 5.34, 5.47, 4.18  
509, 618979.911, 4203926.174, 2.44, 3.61, 4.36, 5.47, 5.59, 4.29  
510, 618985.067, 4203926.934, 2.10, 3.09, 3.99, 4.98, 5.16, 3.86  
511, 618990.57, 4203927.161, 1.35, 1.93, 3.19, 3.90, 4.21, 2.92  
512, 618995.783, 4203927.917, 2.08, 3.06, 3.97, 4.95, 5.13, 3.84  
513, 619001.38, 4203928.873, 2.70, 4.02, 4.64, 5.85, 5.92, 4.63  
514, 619006.877, 4203928.879, 2.68, 3.99, 4.62, 5.82, 5.89, 4.60  
515, 619012.121, 4203930.473, 2.68, 3.99, 4.61, 5.81, 5.89, 4.60  
516, 619017.735, 4203930.458, 2.32, 3.44, 4.23, 5.30, 5.44, 4.15  
517, 619022.993, 4203931.087, 2.40, 3.56, 4.32, 5.41, 5.54, 4.25  
518, 619028.62, 4203930.66, 1.95, 2.86, 3.83, 4.76, 4.97, 3.67  
519, 619034.129, 4203930.582, 2.16, 3.19, 4.06, 5.08, 5.24, 3.95  
520, 619039.441, 4203931.592, 2.34, 3.46, 4.25, 5.33, 5.46, 4.17  
521, 619045.228, 4203930.729, 2.30, 3.41, 4.21, 5.28, 5.42, 4.12  
522, 619050.635, 4203931.502, 2.51, 3.72, 4.43, 5.57, 5.67, 4.38  
523, 619056.549, 4203930.898, 2.44, 3.62, 4.36, 5.47, 5.59, 4.30  
524, 619061.772, 4203931.327, 2.05, 3.01, 3.94, 4.91, 5.10, 3.80  
525, 619067.328, 4203931.75, 0.90, 1.24, 2.71, 3.26, 3.65, 2.35  
526, 619072.945, 4203931.492, 2.03, 2.99, 3.92, 4.89, 5.08, 3.78  
527, 619077.981, 4203932.254, 2.86, 4.27, 4.81, 6.08, 6.12, 4.83  
528, 619077.432, 4204131.465, 2.99, 4.46, 4.94, 6.26, 6.27, 4.98  
529, 619072.436, 4204132.578, 3.22, 4.82, 5.19, 6.59, 6.56, 5.28  
530, 619067.072, 4204132.175, 2.55, 3.79, 4.48, 5.63, 5.73, 4.44  
531, 619061.416, 4204134.493, 3.82, 5.74, 5.83, 7.45, 7.32, 6.03  
532, 619055.529, 4204134.224, 5.21, 7.90, 7.33, 9.45, 9.07, 7.79  
533, 619050.084, 4204136.575, 5.51, 8.36, 7.65, 9.89, 9.45, 8.17  
534, 619044.34, 4204136.092, 6.12, 9.30, 8.30, 10.76, 10.21, 8.93  
535, 619038.951, 4204138.622, 5.10, 7.72, 7.21, 9.29, 8.92, 7.65  
536, 619032.936, 4204138.616, 4.12, 6.21, 6.16, 7.88, 7.69, 6.41  
537, 619027.6, 4204141.018, 3.59, 5.39, 5.59, 7.12, 7.03, 5.74  
538, 619021.556, 4204140.897, 3.41, 5.12, 5.40, 6.86, 6.81, 5.52  
539, 619015.714, 4204143.56, 3.26, 4.89, 5.24, 6.65, 6.62, 5.33  
540, 619010.121, 4204143.693, 2.70, 4.02, 4.64, 5.84, 5.91, 4.62  
