2198,2,"T","YL","none"
"wheat","corn"
1,1,620013.154,4202083.403,0.000,36.072
2,1,620013.494,4202083.263,0.000,38.546
3,1,620013.746,4202083.796,0.000,15.968
4,1,620016.1,4202083.447,0.000,25.329
5,1,620020.247,4202083.304,0.000,40.056
6,1,620023.066,4202083.582,0.000,36.680
7,1,620026.724,4202083.705,0.000,36.485
8,1,620030.116,4202083.398,0.000,17.882
9,1,620032.47,4202083.65,0.000,10.994
10,1,620036.072,4202084.071,0.000,22.211
11,1,620037.728,4202083.557,0.000,33.375
12,1,620037.859,4202083.396,0.000,42.630
13,1,620038.576,4202083.57,0.000,9.950
14,1,620042.525,4202083.648,0.000,11.493
15,1,620046.534,4202083.81,0.000,16.178
16,1,620050.382,4202083.731,0.000,8.238
17,1,620053.783,4202083.702,0.000,11.379
18,1,620057.546,4202083.558,0.000,1.031
19,1,620061.789,4202083.806,0.000,2.601
20,1,620065.666,4202083.962,0.000,2.244
21,1,620069.393,4202084.076,0.000,2.717
22,1,620073.693,4202083.895,0.000,6.723
23,1,620077.622,4202083.797,0.000,2.646
24,1,620081.443,4202083.861,0.000,0.000
25,1,620085.385,4202083.8,0.000,0.000
26,1,620086.995,4202083.699,0.000,1.168
27,1,620088.636,4202084.074,0.000,0.000
28,1,620088.213,4202083.954,0.000,0.000
29,1,620090.543,4202083.811,0.000,0.000
30,1,620094.205,4202083.831,0.000,0.000
31,1,620097.93,4202083.742,0.000,0.000
32,1,620101.065,4202083.881,0.000,1.992
33,1,620103.77,4202083.94,0.000,3.026
34,1,620107.812,4202083.617,0.000,0.000
35,1,620111.196,4202083.733,0.000,0.000
36,1,620114.603,4202083.813,0.000,7.262
37,1,620118.447,4202083.955,0.000,2.923
38,1,620122.355,4202083.814,0.000,1.147
39,1,620126.322,4202083.716,0.000,0.000
40,1,620130.302,4202083.996,0.000,0.000
41,1,620134.455,4202084.011,0.000,0.000
42,1,620138.199,4202083.778,0.000,0.000
43,1,620142.376,4202084.024,0.000,0.000
44,1,620144.858,4202083.964,0.000,0.000
45,1,620148.668,4202084.108,0.000,0.000
46,1,620153.02,4202084.056,0.000,0.000
47,1,620156.799,4202084.173,0.000,0.000
48,1,620160.741,4202084.228,0.000,0.000
49,1,620164.592,4202084.308,0.000,0.000
50,1,620168.265,4202084.666,0.000,0.000
51,1,620172.452,4202084.519,0.000,0.000
52,1,620176.735,4202084.465,0.000,0.000
53,1,620180.625,4202084.379,0.000,0.000
54,1,620185.08,4202084.332,0.000,0.000
55,1,620189.245,4202084.32,0.000,0.000
56,1,620193.736,4202084.361,0.000,0.000
57,1,620197.902,4202084.234,0.000,3.919
58,1,620202.271,4202084.126,0.000,4.501
59,1,620206.225,4202084.198,0.000,3.204
60,1,620210.395,4202084.461,0.000,11.106
61,1,620214.541,4202084.592,0.000,14.581
62,1,620218.769,4202084.419,0.000,12.444
63,1,620223.165,4202084.523,0.000,13.275
64,1,620227.295,4202084.475,0.000,8.090
65,1,620231.601,4202084.352,0.000,14.554
66,1,620236.021,4202084.46,0.000,0.997
67,1,620240.164,4202084.467,0.000,0.978
68,1,620244.289,4202084.215,0.000,0.000
69,1,620248.701,4202084.534,0.000,3.228
70,1,620253.01,4202084.564,0.000,6.164
71,1,620257.184,4202084.423,0.000,8.272
72,1,620261.167,4202084.235,0.000,6.575
73,1,620264.607,4202084.207,0.000,7.822
74,1,620268.439,4202084.388,0.000,11.950
75,1,620272.158,4202084.486,0.000,2.641
76,1,620276.576,4202084.599,0.000,0.181
77,1,620280.419,4202084.702,0.000,4.933
78,1,620284.438,4202084.283,0.000,1.765
79,1,620288.691,4202084.201,0.000,0.000
80,1,620292.702,4202084.238,0.000,0.000
81,1,620296.449,4202084.581,0.000,1.345
82,1,620300.656,4202084.584,0.000,1.554
83,1,620305.161,4202084.127,0.000,0.000
84,1,620309.337,4202084.525,0.000,11.141
85,1,620313.399,4202084.515,0.000,4.344
86,1,620317.596,4202084.353,0.000,0.000
87,1,620321.788,4202084.765,0.000,0.000
88,1,620326.054,4202084.631,0.000,0.000
89,1,620330.435,4202084.51,0.000,0.000
90,1,620334.415,4202084.731,0.000,0.000
91,1,620338.742,4202084.743,0.000,0.000
92,1,620343.115,4202084.404,0.000,0.000
93,1,620347.088,4202084.795,0.000,0.000
94,1,620351.911,4202084.615,0.000,0.000
95,1,620356.341,4202084.667,0.000,0.000
96,1,620360.111,4202085.051,0.000,0.000
97,1,620364.196,4202085.08,0.000,0.000
98,1,620368.706,4202085.122,0.000,0.000
99,1,620372.722,4202084.777,0.000,0.000
100,1,620377.14,4202084.872,0.000,0.000
101,1,620381.455,4202084.846,0.000,0.000
102,1,620385.67,4202085.117,0.000,0.000
103,1,620389.9,4202084.974,0.000,0.000
104,1,620393.847,4202085.008,0.000,0.000
105,1,620398.062,4202085.19,0.000,0.000
106,1,620401.858,4202084.893,0.000,0.000
107,1,620405.823,4202085.057,0.000,0.000
108,1,620409.858,4202085.182,0.000,0.000
109,1,620414.041,4202085.122,0.000,0.000
110,1,620418.218,4202085.042,0.000,4.533
111,1,620421.771,4202084.966,0.000,0.000
112,1,620425.725,4202085.106,0.000,0.000
113,1,620429.698,4202084.916,0.000,0.000
114,1,620434.07,4202085.279,0.000,0.000
115,1,620438.019,4202084.971,0.000,0.000
116,1,620440.956,4202083.45,0.000,0.000
117,1,620441.971,4202079.94,0.000,0.000
118,1,620442.559,4202076.36,0.000,0.000
119,2,620443.176,4202073.272,0.000,0.000
120,2,620439.656,4202072.299,0.000,0.000
121,2,620435.865,4202071.9,0.000,0.000
122,2,620432.527,4202072.121,0.000,0.000
123,2,620429.188,4202072.008,0.000,0.000
124,2,620425.387,4202071.644,0.000,0.000
125,2,620424.465,4202071.846,0.000,0.000
126,2,620424.092,4202071.857,0.000,0.000
127,2,620423.874,4202071.845,0.000,0.000
128,2,620420.931,4202072.343,0.000,0.000
129,2,620417.236,4202072.047,0.000,0.000
130,2,620413.579,4202072.085,0.000,0.000
131,2,620409.546,4202072.108,0.000,0.000
132,2,620405.337,4202072.031,0.000,0.000
133,2,620400.726,4202071.87,0.000,0.000
134,2,620396.538,4202071.828,0.000,0.000
135,2,620392.087,4202071.476,0.000,0.000
136,2,620387.933,4202071.966,0.000,0.000
137,2,620383.419,4202071.802,0.000,0.000
138,2,620379.092,4202071.815,0.000,0.000
139,2,620374.662,4202071.389,0.000,0.000
140,2,620370.739,4202071.707,0.000,0.000
141,2,620366.487,4202071.347,0.000,0.000
142,2,620362.066,4202071.062,0.000,0.000
143,2,620357.673,4202071.534,0.000,0.000
144,2,620353.422,4202071.643,0.000,0.000
145,2,620349.524,4202071.452,0.000,0.000
146,2,620345.118,4202071.563,0.000,0.000
147,2,620340.67,4202071.625,0.000,0.000
148,2,620336.452,4202071.693,0.000,0.000
149,2,620332.067,4202071.737,0.000,0.000
150,2,620327.502,4202071.491,0.000,0.000
151,2,620322.881,4202071.345,0.000,0.000
152,2,620318.782,4202072.041,0.000,0.000
153,2,620314.159,4202071.127,0.000,6.550
154,2,620309.443,4202070.891,0.000,8.928
155,2,620305.115,4202070.848,0.000,9.942
156,2,620300.744,4202071.373,0.000,16.057
157,2,620296.301,4202071.342,0.000,17.297
158,2,620293.194,4202071.153,0.000,10.588
159,2,620293.219,4202071.485,0.000,41.315
160,2,620291.122,4202071.495,0.000,1.458
161,2,620287.154,4202070.887,0.000,0.000
162,2,620282.869,4202071.21,0.000,0.330
163,2,620278.754,4202071.324,0.000,0.000
164,2,620274.749,4202070.976,0.000,0.000
165,2,620270.291,4202071.009,0.000,0.000
166,2,620266.023,4202071.345,0.000,0.000
167,2,620262.755,4202071.146,0.000,0.000
168,2,620258.893,4202071.061,0.000,2.881
169,2,620254.738,4202071.183,0.000,4.493
170,2,620250.607,4202071.132,0.000,12.232
171,2,620246.57,4202070.664,0.000,17.142
172,2,620242.412,4202070.984,0.000,17.461
173,2,620237.618,4202071.179,0.000,7.753
174,2,620233.315,4202070.83,0.000,7.759
175,2,620229.004,4202070.865,0.000,8.464
176,2,620224.568,4202071.099,0.000,4.463
177,2,620220.163,4202071.257,0.000,6.426
178,2,620215.616,4202071.062,0.000,5.897
179,2,620211.619,4202071.155,0.000,4.865
180,2,620207.15,4202070.973,0.000,0.000
181,2,620203.06,4202071.239,0.000,0.000
182,2,620198.691,4202071.088,0.000,0.000
183,2,620194.234,4202070.733,0.000,0.000
184,2,620189.939,4202070.92,0.000,0.000
185,2,620185.543,4202070.884,0.000,0.000
186,2,620181.378,4202070.771,0.000,0.000
187,2,620177.574,4202070.66,0.000,0.000
188,2,620173.137,4202070.523,0.000,0.000
189,2,620168.686,4202070.639,0.000,0.000
190,2,620164.269,4202070.528,0.000,0.000
191,2,620161.065,4202070.479,0.000,0.000
192,2,620156.87,4202070.682,0.000,0.000
193,2,620152.92,4202070.453,0.000,0.000
194,2,620148.867,4202070.372,0.000,0.000
195,2,620144.403,4202070.157,0.000,0.000
196,2,620140.247,4202070.217,0.000,0.000
197,2,620135.85,4202070.291,0.000,0.000
198,2,620131.427,4202070.316,0.000,0.000
199,2,620126.909,4202070.261,0.000,0.000
200,2,620123.284,4202070.08,0.000,0.000
201,2,620119.316,4202070.188,0.000,0.000
202,2,620115.357,4202070.352,0.000,0.000
203,2,620111.06,4202070.216,0.000,0.000
204,2,620106.718,4202070.445,0.000,0.000
205,2,620102.66,4202070.688,0.000,0.000
206,2,620098.835,4202070.246,0.000,0.000
207,2,620094.788,4202070.202,0.000,0.000
208,2,620090.603,4202070.106,0.000,0.000
209,2,620086.18,4202070.246,0.000,0.000
210,2,620081.967,4202070.176,0.000,0.000
211,2,620077.701,4202070.239,0.000,0.000
212,2,620073.517,4202070.042,0.000,0.000
213,2,620069.314,4202070.374,0.000,0.000
214,2,620064.931,4202070.06,0.000,0.000
215,2,620060.716,4202070.357,0.000,0.000
216,2,620056.45,4202070.404,0.000,0.000
217,2,620052.427,4202070.327,0.000,0.000
218,2,620047.724,4202070.28,0.000,0.000
219,2,620043.762,4202069.973,0.000,0.000
220,2,620039.573,4202070.049,0.000,0.000
221,2,620035.758,4202070.117,0.000,0.000
222,2,620031.249,4202070.227,0.000,0.271
223,2,620027.197,4202070.306,0.000,4.040
224,2,620023.024,4202070.376,0.000,4.790
225,2,620018.549,4202069.971,0.000,9.286
226,2,620014.583,4202069.837,0.000,16.928
227,2,620011.717,4202068.75,0.000,0.000
228,2,620011.629,4202065.286,0.000,4.026
229,2,620011.1,4202060.677,0.000,0.567
230,2,620011.043,4202057.429,0.000,8.444
231,2,620010.888,4202051.749,0.000,8.037
232,2,620010.89,4202047.638,0.000,4.018
233,2,620010.796,4202044.153,0.000,4.050
234,2,620010.641,4202040.076,0.000,5.244
235,3,620011.681,4202037.358,0.000,11.714
236,3,620015.811,4202037.832,0.000,3.811
237,3,620020.205,4202037.736,0.000,1.259
238,3,620024.687,4202037.52,0.000,0.000
239,3,620028.769,4202037.634,0.000,0.000
240,3,620033.521,4202037.624,0.000,0.422
241,3,620037.938,4202037.815,0.000,0.000
242,3,620042.408,4202037.821,0.000,0.000
243,3,620046.436,4202037.525,0.000,0.000
244,3,620051.013,4202037.518,0.000,3.282
245,3,620055.852,4202037.547,0.000,0.000
246,3,620060.268,4202037.824,0.000,0.000
247,3,620065.179,4202037.69,0.000,1.628
248,3,620069.195,4202037.765,0.000,0.000
249,3,620073.543,4202038.084,0.000,0.000
250,3,620077.808,4202038.127,0.000,0.000
251,3,620082.422,4202037.925,0.000,2.421
252,3,620087.226,4202037.787,0.000,3.947
253,3,620091.967,4202037.591,0.000,4.219
254,3,620096.639,4202037.552,0.000,13.395
255,3,620100.99,4202037.754,0.000,15.536
256,3,620105.682,4202037.721,0.000,16.454
257,3,620110.36,4202037.733,0.000,20.922
258,3,620114.756,4202038.568,0.000,16.159
259,3,620119.022,4202038.624,0.000,10.010
260,3,620123.554,4202038.255,0.000,17.262
261,3,620128.009,4202038.096,0.000,14.625
262,3,620132.389,4202037.986,0.000,14.820
263,3,620136.416,4202038.046,0.000,10.664
264,3,620141.309,4202037.963,0.000,7.932
265,3,620145.759,4202038.004,0.000,0.000
266,3,620149.829,4202038.006,0.000,0.000
267,3,620154.378,4202038.272,0.000,0.000
268,3,620158.552,4202038.37,0.000,0.000
269,3,620162.113,4202038.473,0.000,0.000
270,3,620165.008,4202038.623,0.000,0.000
271,3,620169.354,4202038.76,0.000,0.000
272,3,620174.032,4202038.511,0.000,0.000
273,3,620178.803,4202038.521,0.000,0.000
274,3,620183.269,4202038.495,0.000,0.000
275,3,620187.973,4202038.413,0.000,0.000
276,3,620192.508,4202038.324,0.000,0.000
277,3,620196.838,4202037.969,0.000,0.000
278,3,620201.573,4202038.439,0.000,0.000
279,3,620205.912,4202038.596,0.000,0.000
280,3,620210.2,4202038.429,0.000,0.062
281,3,620214.662,4202038.603,0.000,0.131
282,3,620219.225,4202038.422,0.000,5.943
283,3,620223.346,4202038.377,0.000,0.000
284,3,620227.775,4202038.66,0.000,0.000
285,3,620231.953,4202038.675,0.000,0.000
286,3,620235.925,4202038.875,0.000,0.000
287,3,620240.179,4202038.84,0.000,0.000
288,3,620244.99,4202038.373,0.000,0.000
289,3,620249.365,4202038.385,0.000,0.000
290,3,620253.748,4202038.633,0.000,0.000
291,3,620257.558,4202038.889,0.000,0.000
292,3,620261.447,4202038.735,0.000,1.974
293,3,620265.482,4202038.739,0.000,10.949
294,3,620270.085,4202038.872,0.000,6.964
295,3,620274.652,4202038.876,0.000,8.398
296,3,620279.197,4202038.666,0.000,0.000
297,3,620283.723,4202038.537,0.000,0.000
298,3,620288.374,4202038.805,0.000,0.000
299,3,620293.193,4202038.979,0.000,0.000
300,3,620297.665,4202039.191,0.000,0.000
301,3,620302.203,4202039.275,0.000,0.000
302,3,620306.814,4202038.956,0.000,0.000
303,3,620310.863,4202038.868,0.000,0.000
304,3,620314.955,4202038.74,0.000,0.000
305,3,620319.2,4202038.999,0.000,0.000
306,3,620323.25,4202038.649,0.000,0.000
307,3,620327.08,4202038.849,0.000,0.000
308,3,620331.559,4202039.134,0.000,0.000
309,3,620336.016,4202039.395,0.000,0.000
310,3,620340.527,4202038.869,0.000,0.000
311,3,620345.225,4202038.986,0.000,0.000
312,3,620349.925,4202039.113,0.000,0.000
313,3,620354.325,4202038.893,0.000,0.000
314,3,620358.79,4202038.755,0.000,0.000
315,3,620363.26,4202038.987,0.000,0.000
316,3,620367.759,4202039.03,0.000,0.000
317,3,620372.4,4202039.152,0.000,0.000
318,3,620376.606,4202039.12,0.000,0.000
319,3,620381.008,4202039.389,0.000,0.000
320,3,620385.947,4202039.163,0.000,0.000
321,3,620390.535,4202039.142,0.000,0.000
322,3,620394.681,4202039.123,0.000,0.000
323,3,620399.239,4202039.066,0.000,0.000
324,3,620403.725,4202038.823,0.000,0.000
325,3,620407.684,4202039.049,0.000,0.000
326,3,620412.268,4202039.48,0.000,0.000
327,3,620416.929,4202039.351,0.000,0.000
328,3,620421.838,4202039.475,0.000,0.000
329,3,620426.414,4202039.521,0.000,0.000
330,3,620430.909,4202039.37,0.000,0.000
331,3,620435.37,4202039.438,0.000,0.000
332,3,620440.172,4202038.99,0.000,0.000
333,3,620443.257,4202037.46,0.000,6.654
334,3,620443.544,4202031.448,0.000,4.186
335,3,620443.788,4202026.275,0.000,0.000
336,3,620443.883,4202021.184,0.000,0.000
337,3,620443.886,4202016.131,0.000,0.000
338,3,620444.164,4202011.306,0.000,0.000
339,4,620444.112,4202008.509,0.000,0.000
340,4,620443.247,4202008.859,0.000,0.000
341,4,620441.877,4202008.737,0.000,0.000
342,4,620437.762,4202009.037,0.000,0.000
343,4,620433.805,4202009.276,0.000,0.000
344,4,620430.011,4202009.536,0.000,0.000
345,4,620428.634,4202008.665,0.000,0.000
346,4,620424.556,4202008.718,0.000,0.000
347,4,620423.838,4202008.958,0.000,0.000
348,4,620421.644,4202009.241,0.000,0.000
349,4,620417.455,4202009.155,0.000,0.000
350,4,620413.077,4202009.036,0.000,0.000
351,4,620408.592,4202009.139,0.000,0.000
352,4,620404.549,4202008.952,0.000,0.000
353,4,620400.329,4202008.772,0.000,0.000
354,4,620395.445,4202008.781,0.000,0.000
355,4,620390.78,4202008.691,0.000,0.000
356,4,620386.092,4202008.743,0.000,0.000
357,4,620381.647,4202008.39,0.000,0.000
358,4,620376.714,4202009.022,0.000,0.000
359,4,620372.359,4202008.449,0.000,0.000
360,4,620368.297,4202008.472,0.000,0.000
361,4,620363.311,4202008.733,0.000,0.000
362,4,620358.318,4202008.73,0.000,0.000
363,4,620353.773,4202008.645,0.000,0.000
364,4,620348.867,4202008.733,0.000,0.000
365,4,620345.342,4202008.263,0.000,0.000
366,4,620340.619,4202008.106,0.000,0.000
367,4,620335.985,4202008.264,0.000,0.000
368,4,620331.978,4202008.28,0.000,0.000
369,4,620327.589,4202008.017,0.000,0.000
370,4,620323.36,4202008.33,0.000,0.000
371,4,620318.834,4202008.321,0.000,0.000
372,4,620314.646,4202007.954,0.000,0.000
373,4,620310.105,4202008.11,0.000,0.000
374,4,620306.012,4202008.47,0.000,0.000
375,4,620301.659,4202008.156,0.000,0.000
376,4,620296.949,4202008.437,0.000,0.000
377,4,620292.197,4202008.388,0.000,0.000
378,4,620288.166,4202008.508,0.000,0.000
379,4,620285.17,4202008.245,0.000,0.000
380,4,620281.984,4202008.059,0.000,0.000
381,4,620277.632,4202008.257,0.000,0.000
382,4,620273.219,4202008.363,0.000,0.000
383,4,620268.735,4202008.208,0.000,0.000
384,4,620264.219,4202008.213,0.000,0.000
385,4,620260.138,4202007.802,0.000,0.000
386,4,620255.752,4202007.678,0.000,0.000
387,4,620251.43,4202007.899,0.000,6.175
388,4,620246.982,4202007.69,0.000,9.948
389,4,620242.617,4202008.003,0.000,16.264
390,4,620238.605,4202007.869,0.000,7.953
391,4,620234.456,4202007.638,0.000,0.000
392,4,620230.232,4202007.699,0.000,0.000
393,4,620225.92,4202007.694,0.000,0.000
394,4,620221.703,4202007.888,0.000,8.904
395,4,620217.463,4202007.841,0.000,5.297
396,4,620213.223,4202007.919,0.000,7.057
397,4,620208.818,4202007.584,0.000,13.367
398,4,620204.537,4202007.629,0.000,25.274
399,4,620200.656,4202007.368,0.000,29.208
400,4,620196.188,4202007.963,0.000,35.654
401,4,620192.391,4202007.56,0.000,33.302
402,4,620188.104,4202007.464,0.000,27.801
403,4,620183.828,4202007.598,0.000,32.939
404,4,620179.606,4202007.501,0.000,39.640
405,4,620175.49,4202007.376,0.000,41.784
406,4,620171.246,4202007.656,0.000,51.365
407,4,620167.027,4202007.375,1.674,54.429
408,4,620162.69,4202007.413,8.674,66.260
409,4,620158.257,4202007.583,8.117,65.318
410,4,620154.174,4202007.605,1.781,54.611
411,4,620150.103,4202007.902,7.380,64.073
412,4,620146.376,4202007.518,0.000,47.224
413,4,620143.019,4202007.192,0.000,49.038
414,4,620138.946,4202007.238,0.000,22.199
415,4,620135.71,4202007.501,0.000,25.407
416,4,620131.575,4202007.556,0.000,16.163
417,4,620127.053,4202008.168,0.000,13.005
418,4,620123.016,4202007.719,0.000,6.130
419,4,620119.096,4202007.453,0.000,2.047
420,4,620114.691,4202007.001,0.000,9.367
421,4,620111.001,4202007.134,0.000,22.126
422,4,620106.832,4202007.517,0.000,36.253
423,4,620102.671,4202007.428,0.000,30.629
424,4,620098.642,4202006.989,0.281,52.074
425,4,620094.459,4202007.291,0.000,49.342
426,4,620090.001,4202007.299,0.000,29.780
427,4,620085.81,4202007.189,0.000,10.863
428,4,620081.618,4202007.184,0.000,15.884
429,4,620077.466,4202006.901,0.000,16.162
430,4,620073.261,4202006.905,0.000,20.495
431,4,620068.803,4202006.855,0.000,7.777
432,4,620063.988,4202007.098,0.000,3.678
433,4,620059.277,4202007.467,0.000,8.768
434,4,620055.256,4202007.534,0.000,0.036
435,4,620050.953,4202007.113,0.000,0.000
436,4,620046.7,4202006.986,0.000,0.000
437,4,620042.236,4202007.212,0.000,0.000
438,4,620037.562,4202007.062,0.000,0.000
439,4,620033.165,4202006.834,0.000,0.000
440,4,620029.139,4202006.549,0.000,0.000
441,4,620024.99,4202006.635,0.000,0.000
442,4,620020.517,4202007.099,0.000,0.000
443,4,620016.157,4202006.613,0.000,0.000
444,4,620011.555,4202006.686,0.000,6.726
445,4,620007.027,4202007.132,0.000,6.862
446,4,620004.403,4202005.265,0.000,0.000
447,4,620004.439,4201999.745,0.000,0.000
448,4,620004.364,4201995.205,0.000,0.000
449,4,620004.151,4201990.052,0.000,0.000
450,4,620002.636,4201985.007,0.000,0.000
451,4,620002.082,4201980.437,0.000,0.000
452,5,620001.931,4201975.82,0.000,0.000
453,5,620005.284,4201975.416,0.000,1.442
454,5,620006.716,4201975.695,0.000,30.563
455,5,620006.278,4201975.712,0.000,29.082
456,5,620007.01,4201975.858,0.000,3.281
457,5,620010.712,4201975.399,0.000,15.133
458,5,620014.913,4201975.367,0.000,18.426
459,5,620018.475,4201975.663,0.000,11.852
460,5,620023.057,4201975.678,0.000,12.036
461,5,620027.483,4201975.22,0.000,12.332
462,5,620032.084,4201975.129,0.000,14.694
463,5,620035.498,4201975.21,0.000,23.103
464,5,620039.198,4201975.56,0.000,16.267
465,5,620044.081,4201975.258,0.000,18.629
466,5,620049.071,4201975.197,0.000,19.090
467,5,620053.37,4201975.815,0.000,22.445
468,5,620057.814,4201975.421,0.000,24.083
469,5,620062.134,4201975.66,0.000,34.377
470,5,620066.385,4201975.804,0.000,26.775
471,5,620070.799,4201975.47,0.000,21.707
472,5,620075.234,4201975.355,0.000,18.697
473,5,620080.081,4201975.212,0.000,10.598
474,5,620083.847,4201975.631,0.000,9.320
475,5,620087.849,4201976.294,0.000,6.316
476,5,620092.232,4201976.219,0.000,5.809
477,5,620096.806,4201975.846,0.000,14.458
478,5,620101.14,4201975.673,0.000,27.481
479,5,620105.174,4201975.569,0.000,40.566
480,5,620109.548,4201975.644,0.000,36.434
481,5,620114.037,4201975.76,0.000,31.739
482,5,620118.035,4201975.798,0.000,19.328
483,5,620122.65,4201975.929,0.000,23.415
484,5,620126.934,4201976.14,0.000,26.360
485,5,620131.411,4201976.374,0.000,39.024
486,5,620136.073,4201976.188,0.299,52.105
487,5,620141.034,4201975.622,5.278,60.520
488,5,620145.64,4201975.989,5.335,60.618
489,5,620149.682,4201976.203,0.750,52.868
490,5,620153.997,4201976.009,4.881,59.849
491,5,620158.364,4201975.647,7.106,63.610
492,5,620162.814,4201975.947,17.849,81.768
493,5,620167.447,4201976.021,20.057,85.499
494,5,620171.532,4201976.391,18.618,83.066
495,5,620175.705,4201976.453,24.437,92.903
496,5,620177.961,4201976.325,31.759,100.000
497,5,620182.256,4201976.121,31.914,100.000
498,5,620186.806,4201976.167,12.190,72.203
499,5,620191.438,4201976.341,4.585,59.349
500,5,620194.565,4201976.44,5.875,61.529
501,5,620199.136,4201976.083,4.524,59.245
502,5,620203.685,4201976.413,0.792,52.938
503,5,620208.137,4201976.535,3.149,56.922
504,5,620212.443,4201976.358,2.909,56.517
505,5,620216.874,4201976.167,5.983,61.711
506,5,620221.223,4201975.893,0.128,51.816
507,5,620225.521,4201976.072,0.000,41.449
508,5,620229.637,4201976.407,0.000,41.117
509,5,620233.899,4201976.606,4.979,60.015
510,5,620238.226,4201976.487,0.000,47.022
511,5,620242.275,4201976.427,0.000,49.878
512,5,620246.95,4201976.386,0.000,50.743
513,5,620251.288,4201976.426,1.004,53.297
514,5,620255.485,4201976.581,0.000,46.687
515,5,620259.244,4201976.36,0.000,37.014
516,5,620263.304,4201976.348,0.000,41.163
517,5,620267.324,4201976.369,0.000,25.094
518,5,620271.524,4201976.539,0.000,16.320
519,5,620275.682,4201976.617,0.000,2.117
520,5,620279.575,4201976.673,0.000,0.000
521,5,620283.891,4201976.511,0.000,0.000
522,5,620288.056,4201977.125,0.000,2.938
523,5,620292.822,4201976.536,0.000,0.845
524,5,620297.058,4201976.198,0.000,0.000
525,5,620301.599,4201976.563,0.000,0.610
526,5,620305.987,4201976.776,0.000,23.197
527,5,620310.167,4201976.718,0.000,13.020
528,5,620314.215,4201976.739,0.000,1.226
529,5,620318.378,4201977.265,0.000,0.000
530,5,620323.141,4201976.828,0.000,0.000
531,5,620328.024,4201976.779,0.000,0.000
532,5,620332.236,4201976.539,0.000,0.000
533,5,620336.959,4201976.855,0.000,0.000
534,5,620341.333,4201976.821,0.000,0.000
535,5,620345.801,4201977.254,0.000,0.000
536,5,620349.81,4201976.933,0.000,0.000
537,5,620354.721,4201976.942,0.000,0.000
538,5,620359.27,4201976.711,0.000,0.000
539,5,620363.861,4201976.856,0.000,0.000
540,5,620368.205,4201977.057,0.000,0.000
541,5,620372.917,4201976.558,0.000,0.000
542,5,620377.294,4201977.058,0.000,0.000
543,5,620381.667,4201977.103,0.000,0.000
544,5,620386.327,4201976.876,0.000,0.000
545,5,620390.477,4201977.031,0.000,0.000
546,5,620395.233,4201976.965,0.000,0.000
547,5,620399.846,4201977.026,0.000,0.000
548,5,620403.795,4201977.33,0.000,0.000
549,5,620408.12,4201977.148,0.000,0.000
550,5,620412.262,4201976.912,0.000,0.000
551,5,620416.636,4201977.086,0.000,0.000
552,5,620420.764,4201977.05,0.000,0.000
553,5,620424.919,4201977.625,0.000,0.000
554,5,620428.667,4201977.347,0.000,0.000
555,5,620432.555,4201977.37,0.000,4.087
556,5,620436.93,4201977.291,0.000,8.549
557,5,620440.987,4201977.603,0.000,11.250
558,5,620442.749,4201975.183,0.000,0.000
559,5,620442.774,4201971.592,0.000,3.595
560,5,620443.147,4201971.477,0.000,27.148
561,5,620442.489,4201971.352,0.000,1.138
562,5,620442.394,4201967.166,0.000,4.034
563,5,620442.32,4201962.125,0.000,8.483
564,5,620442.408,4201957.57,0.000,1.259
565,5,620442.27,4201952.867,0.000,3.190
566,5,620442.098,4201948.652,0.000,0.000
567,6,620442.229,4201945.324,0.000,0.000
568,6,620441.626,4201945.311,0.000,23.677
569,6,620441.506,4201945.133,0.000,23.572
570,6,620440.075,4201944.924,0.000,9.221
571,6,620436.937,4201945.032,0.000,1.480
572,6,620433.138,4201945.17,0.000,0.000
573,6,620429.077,4201944.797,0.000,0.000
574,6,620424.558,4201944.586,0.000,0.000
575,6,620420.862,4201944.574,0.000,0.000
576,6,620417.017,4201944.468,0.000,0.000
577,6,620413.212,4201944.385,0.000,0.000
578,6,620408.695,4201944.26,0.000,0.000
579,6,620404.86,4201944.669,0.000,0.000
580,6,620403.433,4201944.867,0.000,0.000
581,6,620400.27,4201944.836,0.000,0.000
582,6,620396.42,4201944.789,0.000,0.000
583,6,620395.846,4201944.784,0.000,2.236
584,6,620393.437,4201944.462,0.000,0.000
585,6,620389.326,4201944.411,0.000,0.000
586,6,620385.221,4201944.387,0.000,0.000
587,6,620381.037,4201944.378,0.000,0.000
588,6,620377.113,4201944.635,0.000,1.995
589,6,620373.348,4201944.276,0.000,0.000
590,6,620368.819,4201944.037,0.000,0.000
591,6,620364.731,4201944.057,0.000,0.000
592,6,620360.535,4201943.813,0.000,0.000
593,6,620356.274,4201943.945,0.000,4.101
594,6,620351.937,4201944.062,0.000,1.837
595,6,620347.867,4201944.022,0.000,0.000
596,6,620343.674,4201944.199,0.000,0.000
597,6,620339.75,4201943.877,0.000,0.000
598,6,620335.786,4201943.656,0.000,0.000
599,6,620331.608,4201943.371,0.000,0.074
600,6,620327.3,4201943.691,0.000,0.404
601,6,620323.471,4201943.369,0.000,11.749
602,6,620318.688,4201943.866,0.000,17.905
603,6,620314.488,4201943.999,0.000,16.543
604,6,620310.15,4201944.106,0.000,11.814
605,6,620306.004,4201943.477,0.000,17.677
606,6,620302.944,4201943.697,0.000,20.044
607,6,620298.939,4201944.194,0.000,19.041
608,6,620295.282,4201943.902,0.000,23.086
609,6,620291.726,4201944.102,0.000,17.129
610,6,620287.899,4201944.578,0.000,17.806
611,6,620284.054,4201944.029,0.000,7.804
612,6,620279.568,4201943.747,0.000,1.710
613,6,620275.608,4201943.802,0.000,5.613
614,6,620271.393,4201943.672,0.000,9.968
615,6,620266.651,4201943.777,0.000,10.131
616,6,620262.625,4201943.595,0.000,10.700
617,6,620258.306,4201943.771,0.000,15.495
618,6,620254.115,4201943.606,0.000,9.710
619,6,620249.836,4201943.51,0.000,16.373
620,6,620245.415,4201943.524,0.000,14.943
621,6,620240.803,4201943.498,0.000,8.890
622,6,620236.578,4201943.711,0.000,5.864
623,6,620232.333,4201943.525,0.000,8.688
624,6,620227.813,4201943.401,0.000,11.741
625,6,620223.543,4201943.216,0.000,9.958
626,6,620219.185,4201943.27,0.000,15.703
627,6,620214.783,4201943.139,0.000,14.070
628,6,620210.564,4201943.167,0.000,8.845
629,6,620206.769,4201942.803,0.000,0.000
630,6,620202.35,4201942.945,0.000,0.000
631,6,620198.168,4201943.339,0.000,0.000
632,6,620194.181,4201943.224,0.000,0.000
633,6,620190.429,4201943.111,0.000,0.000
634,6,620186.477,4201943.091,0.000,6.518
635,6,620182.345,4201943.074,0.000,21.412
636,6,620178.356,4201943.014,0.000,22.752
637,6,620174.141,4201943.23,0.000,26.612
638,6,620169.621,4201943.054,0.000,31.906
639,6,620165.157,4201942.99,0.000,34.690
640,6,620160.518,4201943.07,0.000,27.583
641,6,620156.465,4201943.179,0.000,28.543
642,6,620152.162,4201943.093,0.000,29.492
643,6,620147.776,4201943.242,0.000,23.695
644,6,620143.288,4201942.986,0.000,17.745
645,6,620139.03,4201942.96,0.000,18.889
646,6,620134.759,4201942.851,0.000,20.301
647,6,620130.494,4201942.631,0.000,17.993
648,6,620126.013,4201942.781,0.000,16.816
649,6,620121.994,4201942.856,0.000,45.608
650,6,620117.771,4201942.866,1.628,54.351
651,6,620113.705,4201943.033,0.000,37.749
652,6,620109.198,4201942.897,0.000,50.418
653,6,620104.906,4201942.724,0.000,46.330
654,6,620100.408,4201942.869,0.000,41.538
655,6,620096.211,4201942.914,0.000,35.461
656,6,620091.619,4201942.955,0.000,41.845
657,6,620087.225,4201942.951,0.000,29.920
658,6,620082.825,4201942.889,9.513,67.679
659,6,620078.743,4201942.801,12.878,73.365
660,6,620074.261,4201942.732,11.027,70.238
661,6,620070.009,4201942.684,3.238,57.072
662,6,620065.61,4201942.694,0.000,51.269
663,6,620061.269,4201942.569,0.000,49.679
664,6,620057.336,4201942.453,0.000,42.530
665,6,620053.391,4201942.341,0.000,40.841
666,6,620049.038,4201942.518,0.000,28.702
667,6,620044.397,4201942.552,0.000,28.091
668,6,620039.683,4201942.833,0.000,29.811
669,6,620035.049,4201942.774,0.000,26.175
670,6,620030.74,4201942.784,0.000,31.610
671,6,620026.661,4201942.703,0.000,28.457
672,6,620022.093,4201942.841,0.000,27.271
673,6,620017.432,4201942.662,0.000,27.331
674,6,620013.136,4201942.673,0.000,35.491
675,6,620009.106,4201942.472,0.000,29.595
676,6,620004.678,4201942.134,0.000,37.701
677,6,620000.433,4201942.486,0.000,34.629
678,6,619997.493,4201940.921,0.000,24.652
679,6,619997.359,4201936.429,0.000,30.796
680,6,619996.792,4201931.736,0.000,15.322
681,6,619996.495,4201926.782,0.000,19.874
682,6,619995.848,4201922.024,0.000,20.435
683,6,619995.504,4201917.622,0.000,17.110
684,7,619995.507,4201912.797,0.000,15.508
685,7,619995.79,4201911.33,0.000,8.038
686,7,619999.649,4201912.16,0.000,0.000
687,7,620003.105,4201912.351,0.000,16.857
688,7,620007.881,4201911.939,0.000,13.584
689,7,620012.071,4201912.139,0.000,0.000
690,7,620016.39,4201912.288,0.000,6.794
691,7,620020.717,4201912.208,0.000,5.734
692,7,620025.027,4201912.263,0.000,7.443
693,7,620029.495,4201912.174,0.000,14.376
694,7,620033.581,4201912.658,0.000,12.240
695,7,620037.811,4201912.374,0.000,7.581
696,7,620042.129,4201912.191,0.000,22.869
697,7,620046.462,4201911.936,0.000,28.967
698,7,620050.897,4201912.215,0.000,27.648
699,7,620055.412,4201912.122,0.000,28.902
700,7,620060.121,4201912.277,0.000,35.311
701,7,620064.381,4201912.45,0.000,28.976
702,7,620069.224,4201912.393,0.000,38.844
703,7,620073.683,4201912.156,0.000,30.710
704,7,620078.573,4201912.355,0.000,38.921
705,7,620083.108,4201912.461,0.000,48.633
706,7,620087.54,4201912.558,0.000,31.456
707,7,620091.909,4201912.596,0.381,52.243
708,7,620096.208,4201912.751,0.000,46.555
709,7,620100.64,4201912.588,0.000,21.630
710,7,620105.296,4201912.369,0.000,33.463
711,7,620109.779,4201912.35,0.000,30.459
712,7,620114.017,4201912.416,0.000,35.973
713,7,620118.473,4201912.652,0.000,40.628
714,7,620122.768,4201912.741,0.000,41.277
715,7,620127.121,4201912.756,0.000,40.307
716,7,620131.388,4201912.835,0.000,42.961
717,7,620135.794,4201912.704,0.000,45.727
718,7,620139.34,4201912.707,0.000,38.310
719,7,620143.652,4201912.695,0.000,37.984
720,7,620148.471,4201912.938,0.000,50.223
721,7,620152.779,4201913.175,0.000,24.759
722,7,620156.953,4201913.365,0.000,35.703
723,7,620161.688,4201913.313,0.000,16.306
724,7,620166.127,4201912.865,0.000,15.563
725,7,620170.914,4201912.732,0.000,11.128
726,7,620175.494,4201912.806,0.000,11.951
727,7,620180.261,4201913.357,0.000,6.742
728,7,620184.734,4201913.242,0.000,7.864
729,7,620189.661,4201912.663,0.000,1.019
730,7,620194.133,4201912.872,0.000,2.453
731,7,620198.613,4201913.366,0.000,5.620
732,7,620203.2,4201913.283,0.000,3.614
733,7,620207.524,4201913.363,0.000,6.212
734,7,620211.787,4201913.475,0.000,15.220
735,7,620216.159,4201913.193,0.000,25.230
736,7,620220.693,4201913.257,0.000,16.256
737,7,620224.846,4201913.146,0.000,19.149
738,7,620229.441,4201913.35,0.000,20.917
739,7,620233.72,4201913.007,0.000,18.464
740,7,620238.085,4201912.894,0.000,0.000
741,7,620242.836,4201913.1,0.000,0.000
742,7,620246.964,4201913.418,0.000,0.000
743,7,620251.205,4201913.524,0.000,0.000
744,7,620255.564,4201913.275,0.000,0.126
745,7,620259.885,4201913.061,0.000,0.000
746,7,620264.152,4201913.378,0.000,0.000
747,7,620268.787,4201912.987,0.000,0.000
748,7,620273.58,4201913.072,0.000,0.000
749,7,620277.794,4201913.548,0.000,5.033
750,7,620282.149,4201913.434,0.000,14.479
751,7,620286.309,4201913.444,0.000,34.823
752,7,620290.745,4201913.343,0.000,35.989
753,7,620295.228,4201913.186,0.000,39.958
754,7,620299.645,4201913.12,0.000,32.923
755,7,620303.961,4201913.131,0.000,25.636
756,7,620308.154,4201913.19,0.000,27.296
757,7,620312.337,4201913.491,0.000,16.075
758,7,620316.769,4201913.363,0.000,16.858
759,7,620321.209,4201913.526,0.000,9.465
760,7,620325.157,4201913.37,0.000,0.000
761,7,620329.698,4201913.514,0.000,0.000
762,7,620333.95,4201913.899,0.000,0.000
763,7,620338.504,4201913.74,0.000,0.000
764,7,620343.26,4201913.92,0.000,0.000
765,7,620348.239,4201913.242,0.000,0.000
766,7,620353.234,4201913.619,0.000,0.000
767,7,620357.811,4201913.641,0.000,0.000
768,7,620362.667,4201913.937,0.000,0.000
769,7,620367.07,4201913.577,0.000,0.000
770,7,620371.804,4201913.81,0.000,0.000
771,7,620376.41,4201913.927,0.000,0.000
772,7,620380.925,4201913.771,0.000,0.000
773,7,620385.14,4201913.796,0.000,0.000
774,7,620389.738,4201913.828,0.000,0.000
775,7,620394.135,4201913.923,0.000,0.000
776,7,620398.458,4201913.742,0.000,0.000
777,7,620403.048,4201913.974,0.000,0.000
778,7,620407.473,4201914.169,0.000,0.000
779,7,620412.049,4201914.046,0.000,0.000
780,7,620416.357,4201913.74,0.000,0.000
781,7,620420.68,4201913.827,0.000,0.000
782,7,620424.995,4201913.94,0.000,0.000
783,7,620428.493,4201913.979,0.000,0.000
784,7,620432.882,4201914.218,0.000,0.000
785,7,620437.115,4201913.847,0.000,0.857
786,7,620441.128,4201914.34,0.000,2.130
787,7,620443.096,4201911.338,0.000,0.000
788,7,620442.639,4201906.764,0.000,4.132
789,7,620442.198,4201901.705,0.000,0.000
790,7,620442.013,4201896.84,0.000,1.155
791,7,620441.867,4201891.815,0.000,0.000
792,7,620442.291,4201887.032,0.000,0.000
793,8,620440.902,4201882.484,0.000,0.000
794,8,620436.778,4201882.344,0.000,0.000
795,8,620431.946,4201882.06,0.000,0.000
796,8,620427.531,4201882.036,0.000,0.000
797,8,620422.737,4201882.211,0.000,0.000
798,8,620418.197,4201882.441,0.000,0.000
799,8,620413.632,4201882.4,0.000,0.000
800,8,620408.969,4201882.191,0.000,0.000
801,8,620404.56,4201882.146,0.000,0.000
802,8,620400.188,4201882.06,0.000,0.000
803,8,620395.724,4201882.025,0.000,0.000
804,8,620391.368,4201882.582,0.000,0.000
805,8,620386.761,4201882.159,0.000,0.000
806,8,620382.362,4201882.152,0.000,0.000
807,8,620377.924,4201882.046,0.000,0.000
808,8,620373.627,4201882.054,0.000,0.000
809,8,620369.01,4201882.154,0.000,0.000
810,8,620364.44,4201882.161,0.000,0.000
811,8,620359.835,4201882.135,0.000,0.000
812,8,620355.496,4201882.34,0.000,0.000
813,8,620351.137,4201882.092,0.000,0.000
814,8,620346.498,4201882.078,0.000,0.000
815,8,620341.9,4201882.175,0.000,0.000
816,8,620337.474,4201882.238,0.000,5.138
817,8,620332.916,4201882.105,0.000,5.064
818,8,620328.678,4201882.016,0.000,0.000
819,8,620324.427,4201881.838,0.000,2.314
820,8,620319.696,4201881.601,0.000,17.024
821,8,620315.504,4201881.768,0.000,21.821
822,8,620311.342,4201881.861,0.000,30.929
823,8,620306.725,4201881.722,0.000,23.883
824,8,620302.546,4201881.869,0.000,14.412
825,8,620298.348,4201882.046,0.000,30.482
826,8,620294.289,4201882.167,0.000,27.847
827,8,620289.838,4201882.245,0.000,21.504
828,8,620285.291,4201881.96,0.000,17.243
829,8,620280.825,4201881.672,0.000,15.019
830,8,620275.982,4201881.576,0.000,16.398
831,8,620271.652,4201881.938,0.000,33.124
832,8,620266.935,4201881.788,0.000,28.019
833,8,620262.145,4201882.13,0.000,24.175
834,8,620257.185,4201881.894,0.000,15.838
835,8,620252.821,4201881.63,0.000,22.650
836,8,620248.445,4201881.552,0.000,31.681
837,8,620244.17,4201881.326,0.000,19.913
838,8,620239.447,4201881.377,0.000,16.311
839,8,620234.794,4201881.569,0.000,15.567
840,8,620230.164,4201881.765,0.000,10.363
841,8,620226.107,4201881.323,0.000,21.226
842,8,620221.456,4201881.321,0.000,16.073
843,8,620217.107,4201881.068,0.000,10.815
844,8,620212.927,4201881.117,0.000,15.730
845,8,620208.345,4201881.57,0.000,14.896
846,8,620203.638,4201881.183,0.000,27.037
847,8,620199.114,4201881.329,0.000,12.990
848,8,620194.577,4201881.679,0.000,6.724
849,8,620190.217,4201881.289,0.000,5.410
850,8,620185.835,4201881.364,0.000,1.398
851,8,620181.501,4201881.552,0.000,0.000
852,8,620177.096,4201881.406,0.000,0.000
853,8,620172.643,4201881.088,0.000,0.000
854,8,620168.023,4201881.199,0.000,0.000
855,8,620163.786,4201881.301,0.000,0.000
856,8,620159.462,4201881.137,0.000,0.000
857,8,620155.273,4201881.141,0.000,0.000
858,8,620151.84,4201881.022,0.000,0.000
859,8,620147.592,4201881.044,0.000,0.000
860,8,620143.18,4201881.084,0.000,0.000
861,8,620139.024,4201881.043,0.000,0.000
862,8,620134.723,4201880.837,0.000,0.000
863,8,620130.28,4201880.912,0.000,3.265
864,8,620125.867,4201881.144,0.000,4.802
865,8,620121.38,4201881.087,0.000,1.768
866,8,620116.503,4201881.16,0.000,0.000
867,8,620112.267,4201880.688,0.000,0.000
868,8,620107.922,4201880.806,0.000,0.000
869,8,620103.59,4201880.777,0.000,0.000
870,8,620099.019,4201880.78,0.000,0.000
871,8,620094.094,4201881.111,0.000,2.292
872,8,620091.312,4201880.873,0.000,8.191
873,8,620088.43,4201880.981,0.000,14.498
874,8,620084.346,4201880.974,0.000,8.732
875,8,620080.189,4201881.143,0.000,0.590
876,8,620075.847,4201881.481,0.000,3.387
877,8,620071.23,4201880.523,0.000,0.000
878,8,620066.79,4201880.8,0.000,6.517
879,8,620062.166,4201880.663,0.000,5.878
880,8,620057.798,4201880.782,0.000,4.850
881,8,620053.664,4201880.728,0.000,4.259
882,8,620049.567,4201880.769,0.000,3.992
883,8,620045.017,4201881.065,0.000,1.405
884,8,620040.746,4201880.97,0.000,0.000
885,8,620035.833,4201880.585,0.000,0.000
886,8,620031.488,4201880.718,0.000,0.000
887,8,620027.339,4201880.044,0.000,0.000
888,8,620022.831,4201880.441,0.000,0.000
889,8,620018.231,4201880.678,0.000,0.000
890,8,620013.068,4201880.847,0.000,0.000
891,8,620008.756,4201880.592,0.000,0.000
892,8,620004.501,4201880.766,0.000,0.000
893,8,619999.895,4201880.609,0.000,1.627
894,8,619995.98,4201880.667,0.000,8.566
895,8,619991.757,4201880.578,0.000,13.745
896,8,619989.458,4201878.74,0.000,6.915
897,8,619989.595,4201874.373,0.000,1.729
898,8,619989.052,4201869.157,0.000,6.333
899,8,619989.199,4201864.043,0.000,4.566
900,8,619989.141,4201858.914,0.000,1.299
901,8,619988.304,4201853.715,0.000,0.000
902,9,619988.225,4201848.973,0.000,2.836
903,9,619987.827,4201848.381,0.000,16.371
904,9,619987.632,4201848.421,0.000,17.071
905,9,619987.964,4201848.382,0.000,15.957
906,9,619988.822,4201847.998,0.000,0.000
907,9,619989.192,4201848.086,0.000,0.000
908,9,619991.853,4201848.061,0.000,0.685
909,9,619995.218,4201847.994,0.000,0.000
910,9,619998.966,4201848.114,0.000,0.000
911,9,620003.186,4201848.238,0.000,0.000
912,9,620008.145,4201848.298,0.000,0.000
913,9,620013.094,4201847.81,0.000,0.000
914,9,620018.029,4201847.879,0.000,0.000
915,9,620022.456,4201848.301,0.000,0.000
916,9,620027.389,4201848.066,0.000,0.000
917,9,620032.159,4201848.261,0.000,2.084
918,9,620036.829,4201848.176,0.000,0.000
919,9,620041.426,4201847.976,0.000,9.180
920,9,620046.147,4201848.203,0.000,14.473
921,9,620050.504,4201847.942,0.000,4.555
922,9,620055.015,4201848.028,0.000,8.282
923,9,620059.424,4201848.308,0.000,8.605
924,9,620064.083,4201848.522,0.000,7.050
925,9,620068.557,4201848.283,0.000,3.250
926,9,620073.345,4201848.237,0.000,21.709
927,9,620077.73,4201848.094,0.000,4.061
928,9,620081.563,4201848.206,0.000,10.791
929,9,620085.776,4201848.303,0.000,14.232
930,9,620090.43,4201848.647,0.000,16.667
931,9,620094.478,4201848.43,0.000,12.492
932,9,620098.625,4201848.745,0.000,4.462
933,9,620103.619,4201848.366,0.000,8.996
934,9,620107.997,4201848.638,0.000,28.936
935,9,620112.447,4201848.59,0.000,27.605
936,9,620116.492,4201848.707,0.000,26.126
937,9,620120.435,4201848.762,0.000,19.436
938,9,620125.174,4201848.683,0.000,7.062
939,9,620128.9,4201848.711,0.000,1.852
940,9,620133.258,4201848.83,0.000,3.753
941,9,620138.113,4201848.868,0.000,0.000
942,9,620142.587,4201848.709,0.000,0.000
943,9,620147.084,4201848.663,0.000,0.515
944,9,620151.426,4201848.69,0.000,0.000
945,9,620155.756,4201848.395,0.000,0.000
946,9,620160.746,4201848.957,0.000,0.000
947,9,620165.062,4201848.648,0.000,13.975
948,9,620169.846,4201848.958,0.000,25.888
949,9,620174.154,4201848.839,0.000,47.546
950,9,620178.214,4201848.894,0.000,35.943
951,9,620182.774,4201848.866,0.000,45.729
952,9,620187.188,4201848.739,0.000,25.221
953,9,620191.409,4201848.738,0.000,13.753
954,9,620195.951,4201848.936,0.000,7.380
955,9,620200.356,4201849.196,0.000,0.000
956,9,620204.926,4201849.293,0.000,0.000
957,9,620209.459,4201848.867,0.000,0.258
958,9,620214.129,4201848.659,0.000,0.000
959,9,620218.809,4201848.954,0.000,2.259
960,9,620222.712,4201849.05,0.000,14.709
961,9,620227.325,4201849.382,0.000,2.913
962,9,620231.622,4201849.373,0.000,8.541
963,9,620235.559,4201849.454,0.000,10.985
964,9,620240.121,4201849.236,0.000,12.977
965,9,620244.309,4201849.257,0.000,19.691
966,9,620248.767,4201849.056,0.000,18.650
967,9,620253.592,4201848.827,0.000,16.042
968,9,620257.736,4201849.021,0.000,8.671
969,9,620262.022,4201849.133,0.000,15.059
970,9,620266.711,4201849.211,0.000,13.602
971,9,620271.108,4201849.151,0.000,21.749
972,9,620275.174,4201849.225,0.000,21.221
973,9,620279.645,4201849.348,0.000,15.434
974,9,620284.052,4201849.577,0.000,11.906
975,9,620288.327,4201849.497,0.000,3.198
976,9,620292.692,4201849.354,0.000,0.000
977,9,620296.341,4201849.222,0.000,0.000
978,9,620301.121,4201848.912,0.000,0.000
979,9,620304.706,4201849.299,0.000,0.000
980,9,620309.125,4201849.397,0.000,0.000
981,9,620313.159,4201849.493,0.000,0.000
982,9,620316.366,4201848.974,0.000,0.000
983,9,620317.171,4201850.237,0.000,3.213
984,9,620317.223,4201850.343,0.000,0.000
985,9,620317.461,4201850.18,0.000,0.000
986,9,620317.019,4201850.054,57.919,100.000
987,9,620317.784,4201849.858,0.000,0.000
988,9,620320.96,4201849.611,0.000,0.000
989,9,620325.334,4201849.798,0.000,0.000
990,9,620329.329,4201849.602,0.000,0.000
991,9,620334.087,4201849.304,0.000,0.000
992,9,620337.148,4201850.371,0.000,0.000
993,9,620336.554,4201850.202,16.127,78.857
994,9,620337.623,4201849.341,0.000,0.000
995,9,620342.364,4201849.128,0.000,0.000
996,9,620346.62,4201849.556,0.000,0.000
997,9,620351.311,4201849.78,0.000,0.000
998,9,620355.856,4201849.561,0.000,0.000
999,9,620360.184,4201849.462,0.000,0.000
1000,9,620365.1,4201849.562,0.000,0.000
1001,9,620369.736,4201849.685,0.000,0.000
1002,9,620373.89,4201849.753,0.000,0.000
1003,9,620377.687,4201850.057,0.000,0.000
1004,9,620382.609,4201849.678,0.000,0.000
1005,9,620387.564,4201849.607,0.000,0.000
1006,9,620391.902,4201849.648,0.000,0.000
1007,9,620396.272,4201849.7,0.000,0.000
1008,9,620401.063,4201849.784,0.000,0.000
1009,9,620405.891,4201849.714,0.000,0.000
1010,9,620410.079,4201849.664,0.000,0.000
1011,9,620414.717,4201849.897,0.000,0.000
1012,9,620419.613,4201850.004,0.000,0.000
1013,9,620424.963,4201849.682,0.000,0.000
1014,9,620429.013,4201849.671,0.000,0.000
1015,9,620433.568,4201849.914,0.000,7.104
1016,9,620435.513,4201848.25,0.000,0.000
1017,9,620434.274,4201843.195,0.000,0.000
1018,9,620433.046,4201837.601,0.000,0.000
1019,9,620432.071,4201832.3,0.000,0.000
1020,9,620430.999,4201826.596,0.000,0.000
1021,9,620430.189,4201822.284,0.000,0.000
1022,10,620427.607,4201817.903,0.000,0.000
1023,10,620424.838,4201817.855,0.000,0.000
1024,10,620424.424,4201817.389,0.000,0.000
1025,10,620423.302,4201818.124,0.000,0.000
1026,10,620419.394,4201818.436,0.000,0.000
1027,10,620415.617,4201818.217,0.000,0.000
1028,10,620411.048,4201818.172,0.000,0.000
1029,10,620406.242,4201817.955,0.000,0.000
1030,10,620401.716,4201818.33,0.000,0.000
1031,10,620397.57,4201817.863,0.000,0.000
1032,10,620393.163,4201818.064,0.000,0.000
1033,10,620388.29,4201818.546,0.000,0.000
1034,10,620384.148,4201818.455,0.000,0.000
1035,10,620379.732,4201818.127,34.431,100.000
1036,10,620375.559,4201817.859,0.000,0.000
1037,10,620371.001,4201817.924,0.000,0.000
1038,10,620366.357,4201817.511,36.962,100.000
1039,10,620361.983,4201817.742,0.000,7.502
1040,10,620358.546,4201817.502,0.000,0.000
1041,10,620354.313,4201817.774,0.000,0.000
1042,10,620348.948,4201817.464,0.000,0.000
1043,10,620344.318,4201817.767,0.000,0.000
1044,10,620340.141,4201817.581,0.000,0.000
1045,10,620335.303,4201817.774,0.000,0.000
1046,10,620331.087,4201817.808,0.000,0.000
1047,10,620326.112,4201818.175,0.000,0.000
1048,10,620321.81,4201818.021,0.000,0.000
1049,10,620317.444,4201817.97,0.000,0.000
1050,10,620313.04,4201817.753,0.000,0.000
1051,10,620308.52,4201817.893,0.000,0.000
1052,10,620304.127,4201817.867,0.000,0.000
1053,10,620299.795,4201817.513,0.000,0.000
1054,10,620296.41,4201817.803,0.000,0.000
1055,10,620291.901,4201817.67,0.000,0.000
1056,10,620287.555,4201817.661,0.000,0.000
1057,10,620283.343,4201817.437,0.000,0.000
1058,10,620279.137,4201817.364,0.000,0.000
1059,10,620274.909,4201817.499,0.000,0.000
1060,10,620270.853,4201817.234,0.000,0.000
1061,10,620266.585,4201817.285,0.000,0.000
1062,10,620262.24,4201817.334,0.000,0.000
1063,10,620257.799,4201817.31,0.000,3.548
1064,10,620254.229,4201817.17,0.000,4.953
1065,10,620250.022,4201817.125,0.000,22.210
1066,10,620245.614,4201817.071,0.000,44.880
1067,10,620241.11,4201817.457,0.000,45.345
1068,10,620236.818,4201817.268,0.000,31.459
1069,10,620232.884,4201817.375,0.000,9.651
1070,10,620228.393,4201817.124,0.000,0.000
1071,10,620223.63,4201817.428,0.000,0.000
1072,10,620219.332,4201817.412,0.000,0.000
1073,10,620215.608,4201816.992,0.000,0.000
1074,10,620211.212,4201817.271,0.000,5.814
1075,10,620206.974,4201817.142,0.000,4.792
1076,10,620202.819,4201817.169,0.000,15.583
1077,10,620198.592,4201817.187,0.000,3.921
1078,10,620194.587,4201817.005,0.000,5.116
1079,10,620190.202,4201816.777,0.000,0.174
1080,10,620186.195,4201817.157,0.000,9.418
1081,10,620182.071,4201817.184,0.000,10.782
1082,10,620177.523,4201817.473,0.000,7.195
1083,10,620173.208,4201817.121,0.000,0.000
1084,10,620168.848,4201816.807,0.000,0.000
1085,10,620164.278,4201816.844,0.000,0.000
1086,10,620159.797,4201817.26,0.000,0.000
1087,10,620155.942,4201816.768,0.000,0.000
1088,10,620151.478,4201816.944,0.000,0.000
1089,10,620147.398,4201816.907,0.000,0.000
1090,10,620143.09,4201816.617,0.000,0.000
1091,10,620138.483,4201816.556,0.000,3.486
1092,10,620134.225,4201816.604,0.000,10.631
1093,10,620129.669,4201816.87,0.000,3.267
1094,10,620125.492,4201816.442,0.000,4.163
1095,10,620120.791,4201816.617,0.000,8.936
1096,10,620116.297,4201816.752,0.000,22.469
1097,10,620112.199,4201817.051,0.000,16.352
1098,10,620107.92,4201816.508,0.000,21.918
1099,10,620103.915,4201816.533,0.000,35.137
1100,10,620099.666,4201816.655,0.000,29.583
1101,10,620096.022,4201816.696,0.000,29.207
1102,10,620092.022,4201816.548,0.000,33.459
1103,10,620088.19,4201816.945,0.000,37.323
1104,10,620083.755,4201816.423,0.000,5.381
1105,10,620079.548,4201816.251,0.000,7.668
1106,10,620075.675,4201816.196,0.000,12.423
1107,10,620071.359,4201816.471,0.000,18.302
1108,10,620067.174,4201816.548,0.000,37.965
1109,10,620063.111,4201816.554,0.000,16.702
1110,10,620058.962,4201816.277,0.000,11.279
1111,10,620054.832,4201816.677,0.000,2.846
1112,10,620051.758,4201815.972,0.000,30.556
1113,10,620051.996,4201815.588,0.000,33.713
1114,10,620050.722,4201816.62,0.000,9.164
1115,10,620046.714,4201816.297,0.000,5.155
1116,10,620042.698,4201816.375,0.000,15.599
1117,10,620038.397,4201816.495,0.000,8.051
1118,10,620034.632,4201816.075,0.000,0.000
1119,10,620030.378,4201815.982,0.000,4.712
1120,10,620026.101,4201816.348,0.000,7.323
1121,10,620022.004,4201816.024,0.000,0.903
1122,10,620017.432,4201816.158,0.000,0.000
1123,10,620013.074,4201816.046,0.000,0.000
1124,10,620008.837,4201816.374,0.000,0.000
1125,10,620004.511,4201816.009,0.000,0.000
1126,10,620000.116,4201816.219,0.000,0.000
1127,10,619995.952,4201816.008,0.000,6.241
1128,10,619991,4201816.335,0.000,0.000
1129,10,619986.373,4201816.983,0.000,0.000
1130,10,619982.705,4201816.26,0.000,4.331
1131,10,619981.562,4201812.928,0.000,0.444
1132,10,619981.445,4201809.186,0.000,0.565
1133,10,619981.831,4201804.491,0.000,3.191
1134,10,619981.497,4201799.097,0.000,0.000
1135,10,619981.283,4201794.369,0.000,3.486
1136,10,619979.479,4201789.785,0.000,4.709
1137,11,619979.712,4201785.049,0.000,0.000
1138,11,619981.288,4201784.776,0.000,21.250
1139,11,619980.87,4201785.226,0.000,21.231
1140,11,619981.838,4201785.267,0.000,23.129
1141,11,619984.162,4201785.843,0.000,0.000
1142,11,619988.673,4201786.059,0.000,0.000
1143,11,619992.718,4201786.002,0.000,0.000
1144,11,619994.227,4201785.675,0.000,2.259
1145,11,619994.399,4201785.986,0.000,2.874
1146,11,619995.941,4201785.99,0.000,0.000
1147,11,619999.624,4201785.826,0.000,0.000
1148,11,620004.225,4201785.875,0.000,0.000
1149,11,620008.77,4201785.88,0.000,0.000
1150,11,620013.444,4201785.741,0.000,0.000
1151,11,620018.143,4201785.753,0.000,0.000
1152,11,620022.874,4201785.735,0.000,0.000
1153,11,620027.048,4201785.615,0.000,0.000
1154,11,620031.845,4201785.721,0.000,0.000
1155,11,620036.741,4201785.512,0.000,0.000
1156,11,620041.587,4201785.738,0.000,0.000
1157,11,620046.254,4201785.851,0.000,0.000
1158,11,620050.692,4201786.143,0.000,0.000
1159,11,620054.995,4201786.067,0.000,1.349
1160,11,620059.865,4201785.953,0.000,11.055
1161,11,620064.564,4201786.08,0.000,12.012
1162,11,620069.367,4201785.89,0.000,0.000
1163,11,620072.916,4201786.116,0.000,0.000
1164,11,620077.402,4201785.958,0.000,0.000
1165,11,620081.997,4201786.053,0.000,3.604
1166,11,620086.236,4201785.946,0.000,0.688
1167,11,620090.712,4201786.639,0.000,6.866
1168,11,620095.026,4201786.444,0.000,10.808
1169,11,620099.872,4201786.565,0.000,0.000
1170,11,620104.574,4201786.245,0.000,0.000
1171,11,620109.41,4201786.263,0.000,0.000
1172,11,620113.742,4201786.602,0.000,0.000
1173,11,620118.079,4201786.73,0.000,4.080
1174,11,620122.726,4201786.63,0.000,0.000
1175,11,620127.245,4201786.322,0.000,0.000
1176,11,620132.314,4201786.146,0.000,0.000
1177,11,620137.121,4201786.443,0.000,0.000
1178,11,620141.902,4201786.398,0.000,0.000
1179,11,620146.284,4201786.464,0.000,0.000
1180,11,620150.961,4201786.457,0.000,0.000
1181,11,620155.785,4201786.417,0.000,0.000
1182,11,620160.603,4201786.205,0.000,3.265
1183,11,620165.383,4201786.686,0.000,0.000
1184,11,620170.154,4201786.891,0.000,0.000
1185,11,620174.698,4201786.742,0.000,0.000
1186,11,620179.401,4201786.486,0.000,0.000
1187,11,620184.523,4201786.569,0.000,0.000
1188,11,620188.911,4201786.53,0.000,0.000
1189,11,620193.852,4201786.796,0.000,0.000
1190,11,620198.873,4201786.71,0.000,0.000
1191,11,620203.515,4201786.861,0.000,7.243
1192,11,620208.398,4201786.807,0.000,6.293
1193,11,620213.4,4201786.551,0.000,0.000
1194,11,620217.627,4201786.898,0.000,0.000
1195,11,620222.805,4201786.281,0.000,0.000
1196,11,620227.588,4201787.318,0.000,0.356
1197,11,620232.709,4201787.49,0.000,0.097
1198,11,620237.256,4201786.597,0.000,0.000
1199,11,620242.08,4201786.452,0.000,0.000
1200,11,620246.674,4201786.578,0.000,0.000
1201,11,620250.924,4201786.607,0.000,0.000
1202,11,620255.297,4201786.832,0.000,1.421
1203,11,620260.691,4201786.513,0.000,0.000
1204,11,620265.209,4201786.78,0.000,0.000
1205,11,620270.063,4201787.501,0.000,0.000
1206,11,620274.319,4201787.141,0.000,0.000
1207,11,620278.971,4201786.949,0.000,0.000
1208,11,620284.057,4201786.659,0.000,0.000
1209,11,620288.649,4201786.964,0.000,0.000
1210,11,620293.023,4201787.332,0.000,0.000
1211,11,620297.78,4201787.225,0.000,0.000
1212,11,620302.599,4201786.98,0.000,0.000
1213,11,620307.355,4201786.631,0.000,0.000
1214,11,620312.411,4201786.668,0.000,0.000
1215,11,620317.307,4201787.169,0.000,0.000
1216,11,620322.198,4201787.402,0.000,0.000
1217,11,620326.7,4201787.211,0.000,0.000
1218,11,620331.624,4201787.153,0.000,0.000
1219,11,620336.191,4201787.109,0.000,0.000
1220,11,620340.652,4201787.384,0.000,0.000
1221,11,620345.498,4201786.881,0.000,0.000
1222,11,620350.523,4201786.853,0.000,0.000
1223,11,620355.012,4201786.903,0.000,0.000
1224,11,620359.987,4201787.417,0.000,0.000
1225,11,620364.969,4201787.201,0.000,0.000
1226,11,620369.753,4201787.063,0.000,0.000
1227,11,620374.672,4201787.134,0.000,0.000
1228,11,620379.404,4201787.645,0.000,0.000
1229,11,620383.836,4201787.446,0.000,0.000
1230,11,620388.44,4201787.682,0.000,0.000
1231,11,620393.19,4201787.167,0.000,0.000
1232,11,620398.112,4201787.651,0.000,0.000
1233,11,620402.38,4201787.231,0.000,0.000
1234,11,620406.103,4201787.508,0.000,0.000
1235,11,620411.172,4201787.657,0.000,0.000
1236,11,620415.514,4201787.544,0.000,0.000
1237,11,620419.302,4201787.846,0.000,0.000
1238,11,620422.112,4201787.537,0.000,0.000
1239,11,620422.046,4201783.566,0.000,0.000
1240,11,620421.622,4201777.793,0.000,0.000
1241,11,620420.494,4201772.645,0.000,0.000
1242,11,620420.205,4201767.669,0.000,0.000
1243,11,620419.419,4201764.184,0.000,0.000
1244,11,620419.157,4201759.645,0.000,0.000
1245,12,620417.431,4201755.63,0.000,0.000
1246,12,620413.182,4201756.136,0.000,12.473
1247,12,620409.89,4201756.211,0.000,19.285
1248,12,620409.509,4201756.358,0.000,20.238
1249,12,620409.215,4201755.969,0.000,3.028
1250,12,620405.293,4201755.886,0.000,0.795
1251,12,620400.966,4201755.691,0.000,3.278
1252,12,620396.353,4201755.57,0.000,0.000
1253,12,620391.929,4201755.814,0.000,0.000
1254,12,620387.804,4201755.838,0.000,0.000
1255,12,620382.958,4201755.741,0.000,0.000
1256,12,620378.444,4201755.857,0.000,0.000
1257,12,620373.986,4201755.432,0.000,0.000
1258,12,620369.092,4201755.556,0.000,0.000
1259,12,620364.525,4201755.167,0.000,0.000
1260,12,620360.42,4201755.163,0.000,0.000
1261,12,620355.841,4201755.373,0.000,0.000
1262,12,620351.113,4201755.397,0.000,0.000
1263,12,620346.358,4201755.395,0.000,0.000
1264,12,620341.579,4201755.259,0.000,0.000
1265,12,620337.102,4201755.159,0.000,0.000
1266,12,620332.599,4201755.278,0.000,0.000
1267,12,620327.913,4201755.396,0.000,0.000
1268,12,620323.322,4201755.5,0.000,0.000
1269,12,620318.715,4201755.359,0.000,0.000
1270,12,620314.276,4201755.414,0.000,0.000
1271,12,620309.814,4201755.094,0.000,0.000
1272,12,620305.45,4201755.224,0.000,0.000
1273,12,620301.037,4201754.936,0.000,0.000
1274,12,620296.631,4201755.037,0.000,0.000
1275,12,620291.874,4201755.067,0.000,0.000
1276,12,620287.003,4201755.237,0.000,2.810
1277,12,620282.691,4201754.993,0.000,0.000
1278,12,620277.812,4201754.885,0.000,0.000
1279,12,620272.627,4201754.863,0.000,0.000
1280,12,620268.519,4201754.681,0.000,0.000
1281,12,620263.72,4201755.055,0.000,0.000
1282,12,620259.715,4201754.844,0.000,0.000
1283,12,620255.093,4201754.895,0.000,0.000
1284,12,620250.13,4201755.04,0.000,0.000
1285,12,620245.172,4201755.227,0.000,0.000
1286,12,620240.529,4201754.759,0.000,0.000
1287,12,620235.86,4201754.766,0.000,0.000
1288,12,620231.275,4201754.954,0.000,0.000
1289,12,620226.882,4201754.525,0.000,0.000
1290,12,620222.218,4201754.565,0.000,0.000
1291,12,620217.625,4201754.917,0.000,0.000
1292,12,620212.65,4201754.836,0.000,0.000
1293,12,620208.151,4201754.883,0.000,0.000
1294,12,620203.6,4201754.836,0.000,0.000
1295,12,620198.891,4201754.893,0.000,0.000
1296,12,620194.563,4201754.944,0.000,0.000
1297,12,620190.06,4201754.76,0.000,0.000
1298,12,620185.465,4201754.964,0.000,0.000
1299,12,620180.751,4201754.984,0.000,0.000
1300,12,620176.134,4201754.823,0.000,0.000
1301,12,620171.624,4201754.77,0.000,0.000
1302,12,620166.635,4201754.799,35.482,100.000
1303,12,620161.803,4201754.762,0.000,0.000
1304,12,620157.265,4201754.635,0.000,0.000
1305,12,620152.244,4201754.197,0.000,0.000
1306,12,620147.624,4201754.329,0.000,0.000
1307,12,620143.256,4201754.664,0.000,0.000
1308,12,620138.404,4201754.613,0.000,0.000
1309,12,620133.902,4201754.529,0.000,0.000
1310,12,620129.044,4201754.651,0.000,0.000
1311,12,620124.702,4201754.278,0.000,0.000
1312,12,620120.351,4201754.153,0.000,0.000
1313,12,620115.828,4201754.253,0.000,0.000
1314,12,620111.3,4201754.266,0.000,0.000
1315,12,620106.844,4201754.617,0.000,0.000
1316,12,620102.648,4201754.305,0.000,0.000
1317,12,620098.17,4201754.23,0.000,0.000
1318,12,620093.793,4201754.459,0.000,0.000
1319,12,620089.227,4201754.235,0.000,0.000
1320,12,620085.109,4201754.158,0.000,0.000
1321,12,620080.755,4201754.221,0.000,0.000
1322,12,620076.388,4201754.249,0.000,0.000
1323,12,620071.965,4201754.409,0.000,0.000
1324,12,620067.477,4201754.161,0.000,0.000
1325,12,620062.992,4201754.253,0.000,0.000
1326,12,620058.525,4201754.135,0.000,0.000
1327,12,620053.869,4201754.199,0.000,0.000
1328,12,620049.77,4201754.198,0.000,0.000
1329,12,620045.548,4201754.099,0.000,0.000
1330,12,620041.432,4201754.224,0.000,0.000
1331,12,620037.189,4201753.986,0.000,0.000
1332,12,620033.083,4201754.038,0.000,0.000
1333,12,620028.596,4201754.013,0.000,0.000
1334,12,620023.966,4201753.88,0.000,0.000
1335,12,620019.957,4201754.039,0.000,0.000
1336,12,620015.686,4201754.273,0.000,0.000
1337,12,620011.382,4201754.02,0.000,0.000
1338,12,620006.941,4201754.433,0.000,0.000
1339,12,620002.607,4201754.346,0.000,0.000
1340,12,619997.836,4201753.986,0.000,0.000
1341,12,619993.594,4201754.038,0.000,0.000
1342,12,619989.172,4201754.1,0.000,0.000
1343,12,619984.777,4201753.579,0.000,0.000
1344,12,619980.34,4201753.623,0.000,0.000
1345,12,619975.969,4201754.163,0.000,0.000
1346,12,619973.993,4201753.716,0.000,0.000
1347,12,619974.136,4201753.791,0.000,4.629
1348,12,619974.135,4201753.275,0.000,0.000
1349,12,619974.847,4201753.556,0.000,0.000
1350,12,619974.452,4201750.529,0.000,0.000
1351,12,619974.201,4201746.328,0.000,0.000
1352,12,619973.92,4201742.327,0.000,0.000
1353,12,619973.593,4201738.086,0.000,0.000
1354,12,619973.131,4201732.461,0.000,2.378
1355,12,619972.257,4201728.303,0.000,0.000
1356,13,619971.562,4201723.119,0.000,0.000
1357,13,619974.787,4201721.511,0.000,0.000
1358,13,619976.795,4201721.966,0.000,0.000
1359,13,619980.755,4201721.729,0.000,13.725
1360,13,619985.022,4201721.505,45.297,100.000
1361,13,619989.162,4201721.411,51.041,100.000
1362,13,619993.182,4201721.507,46.403,100.000
1363,13,619996.086,4201721.762,0.000,0.000
1364,13,619999.866,4201721.679,0.000,0.000
1365,13,620004.559,4201721.393,0.000,0.000
1366,13,620008.686,4201721.583,0.000,0.000
1367,13,620012.992,4201721.648,0.000,0.000
1368,13,620017.166,4201721.483,0.000,0.000
1369,13,620021.498,4201721.845,0.000,0.000
1370,13,620026.204,4201721.845,0.000,0.000
1371,13,620030.754,4201721.633,0.000,0.000
1372,13,620034.987,4201721.599,0.000,0.000
1373,13,620039.303,4201721.518,0.000,0.000
1374,13,620043.836,4201721.486,0.000,0.000
1375,13,620047.864,4201721.725,0.000,0.000
1376,13,620052.201,4201721.891,0.000,0.000
1377,13,620056.896,4201722.075,0.000,0.000
1378,13,620060.961,4201721.764,0.000,0.000
1379,13,620065.484,4201721.468,0.000,0.000
1380,13,620070.129,4201721.482,0.000,0.000
1381,13,620074.695,4201721.716,0.000,0.000
1382,13,620079.061,4201721.678,0.000,0.000
1383,13,620083.106,4201721.95,0.000,0.000
1384,13,620087.626,4201721.616,0.000,0.000
1385,13,620091.955,4201721.719,0.000,0.000
1386,13,620096.927,4201721.711,0.000,0.000
1387,13,620101.128,4201722.232,0.000,0.000
1388,13,620105.424,4201722.194,0.000,0.000
1389,13,620109.943,4201721.675,0.000,0.000
1390,13,620114.541,4201721.786,0.000,0.000
1391,13,620118.59,4201721.966,0.000,0.000
1392,13,620123.344,4201721.726,0.000,0.000
1393,13,620127.4,4201722.022,0.000,0.000
1394,13,620131.994,4201722.23,0.000,0.000
1395,13,620136.079,4201722.135,0.000,0.000
1396,13,620140.234,4201722.435,0.000,0.000
1397,13,620144.807,4201722.195,0.000,0.000
1398,13,620149.027,4201722.209,0.000,0.000
1399,13,620153.569,4201722.18,0.000,0.000
1400,13,620157.821,4201722.348,0.000,0.000
1401,13,620162.258,4201722.281,0.000,0.000
1402,13,620166.528,4201722.066,0.000,0.000
1403,13,620170.593,4201722.314,0.000,0.000
1404,13,620174.877,4201722.493,0.000,0.000
1405,13,620178.749,4201722.043,0.000,0.000
1406,13,620182.829,4201722.25,0.000,0.000
1407,13,620186.716,4201722.159,0.000,0.000
1408,13,620190.085,4201722.515,0.000,0.000
1409,13,620194.381,4201722.356,0.000,0.000
1410,13,620198.481,4201722.436,0.000,0.000
1411,13,620202.55,4201722.666,0.000,0.000
1412,13,620206.563,4201722.674,0.000,0.000
1413,13,620210.808,4201722.366,0.000,0.000
1414,13,620214.976,4201722.372,0.000,0.000
1415,13,620218.977,4201722.695,0.000,0.000
1416,13,620222.976,4201722.694,0.000,0.000
1417,13,620227.392,4201722.605,0.000,0.000
1418,13,620231.379,4201722.881,0.000,0.000
1419,13,620235.307,4201722.603,0.000,0.000
1420,13,620239.746,4201722.338,0.000,0.000
1421,13,620244.288,4201722.405,0.000,0.000
1422,13,620248.517,4201722.693,0.000,0.000
1423,13,620252.506,4201722.635,0.000,0.000
1424,13,620257.042,4201722.594,0.000,0.000
1425,13,620261.486,4201722.748,0.000,0.000
1426,13,620265.769,4201722.868,0.000,0.000
1427,13,620270.23,4201722.677,0.000,0.000
1428,13,620274.427,4201722.72,0.000,0.000
1429,13,620279.092,4201722.785,0.000,0.000
1430,13,620283.492,4201722.733,0.000,0.000
1431,13,620288.009,4201722.602,0.000,0.000
1432,13,620292.291,4201722.68,0.000,0.000
1433,13,620296.917,4201723.025,0.000,0.000
1434,13,620301.427,4201723.242,0.000,0.000
1435,13,620306.273,4201722.926,0.000,0.000
1436,13,620310.501,4201722.836,0.000,0.000
1437,13,620314.776,4201722.816,0.000,0.000
1438,13,620319.307,4201722.92,0.000,0.000
1439,13,620323.727,4201722.817,0.000,0.000
1440,13,620328.286,4201722.844,0.000,0.000
1441,13,620332.002,4201723.233,0.000,0.000
1442,13,620337.069,4201723.282,0.000,0.000
1443,13,620341.674,4201722.822,0.000,0.000
1444,13,620346.064,4201722.981,0.000,0.000
1445,13,620350.622,4201722.9,0.000,0.000
1446,13,620354.908,4201723.306,0.000,0.000
1447,13,620359.551,4201722.677,0.000,0.000
1448,13,620363.36,4201723.218,0.000,0.000
1449,13,620367.686,4201723.248,0.000,0.000
1450,13,620372.448,4201723.216,0.000,0.000
1451,13,620376.918,4201723.197,0.000,0.000
1452,13,620381.256,4201722.997,0.000,0.000
1453,13,620385.425,4201723.231,0.000,0.000
1454,13,620389.83,4201723.125,0.000,0.000
1455,13,620394.022,4201722.91,0.000,0.000
1456,13,620398.637,4201723.228,0.000,0.000
1457,13,620402.877,4201723.19,0.000,0.000
1458,13,620406.9,4201723.578,0.000,0.000
1459,13,620410.118,4201723.524,0.000,0.000
1460,13,620411.25,4201723.986,0.000,4.022
1461,13,620411.148,4201723.044,0.000,0.000
1462,13,620410.674,4201722.868,0.000,0.000
1463,13,620410.21,4201721.528,0.000,0.000
1464,13,620410.032,4201717.234,0.000,0.000
1465,13,620409.175,4201712.533,0.000,0.000
1466,13,620407.92,4201706.408,0.000,0.000
1467,13,620406.378,4201701.375,0.000,0.000
1468,13,620404.322,4201698.144,0.000,0.000
1469,14,620401.817,4201693.433,0.000,0.000
1470,14,620398.247,4201692.175,0.000,0.000
1471,14,620393.483,4201691.777,0.000,0.000
1472,14,620388.559,4201692.032,0.000,0.000
1473,14,620383.863,4201691.876,0.000,0.000
1474,14,620379.297,4201691.844,0.000,0.000
1475,14,620374.594,4201692.315,0.000,0.000
1476,14,620369.91,4201692.131,0.000,0.000
1477,14,620365.106,4201691.99,0.000,0.000
1478,14,620360.276,4201692.02,0.000,0.000
1479,14,620355.382,4201691.977,0.000,0.000
1480,14,620350.753,4201691.86,0.000,0.000
1481,14,620346.049,4201691.822,0.000,0.000
1482,14,620341.443,4201691.811,0.000,0.000
1483,14,620336.867,4201691.807,0.000,0.000
1484,14,620332.665,4201692.066,0.000,0.000
1485,14,620328.343,4201691.816,0.000,0.000
1486,14,620323.401,4201691.819,0.000,0.000
1487,14,620318.73,4201691.759,0.000,0.000
1488,14,620314.268,4201691.934,0.000,0.000
1489,14,620309.281,4201691.785,0.000,0.000
1490,14,620304.839,4201691.872,0.000,0.000
1491,14,620300.483,4201691.845,0.000,0.000
1492,14,620300.295,4201692.607,0.000,6.926
1493,14,620299.705,4201692.129,0.000,6.517
1494,14,620296.854,4201691.518,0.000,0.000
1495,14,620292.749,4201691.62,0.000,0.000
1496,14,620288.222,4201691.738,0.000,0.000
1497,14,620283.725,4201691.777,0.000,0.000
1498,14,620278.952,4201691.524,0.000,0.000
1499,14,620274.204,4201691.444,0.000,0.000
1500,14,620269.464,4201691.624,0.000,0.000
1501,14,620264.345,4201691.634,0.000,0.000
1502,14,620259.605,4201691.549,0.000,0.000
1503,14,620254.888,4201691.48,0.000,0.000
1504,14,620250.013,4201691.577,0.000,0.000
1505,14,620245.187,4201691.547,0.000,0.000
1506,14,620240.406,4201691.817,0.000,0.000
1507,14,620235.532,4201691.374,0.000,0.000
1508,14,620230.812,4201691.549,0.000,0.000
1509,14,620225.905,4201691.547,0.000,0.000
1510,14,620221.056,4201691.4,0.000,0.000
1511,14,620216.417,4201691.24,0.000,0.000
1512,14,620211.655,4201691.597,0.000,0.000
1513,14,620206.705,4201691.34,0.000,0.000
1514,14,620202.023,4201691.323,0.000,0.000
1515,14,620197.359,4201691.376,0.000,0.000
1516,14,620192.406,4201691.248,0.000,0.000
1517,14,620187.668,4201691.107,0.000,0.000
1518,14,620183.215,4201691.218,0.000,0.000
1519,14,620178.685,4201691.608,0.000,0.000
1520,14,620173.883,4201691.484,0.000,0.000
1521,14,620169.385,4201690.863,0.000,0.000
1522,14,620164.801,4201691.042,0.000,0.000
1523,14,620160.157,4201691.249,0.000,0.000
1524,14,620155.395,4201691.299,0.000,0.000
1525,14,620150.963,4201691.008,0.000,0.000
1526,14,620146.279,4201691.085,0.000,0.000
1527,14,620141.737,4201690.992,0.000,0.000
1528,14,620136.852,4201691.076,0.000,0.000
1529,14,620132.106,4201691.065,0.000,0.000
1530,14,620127.413,4201690.981,0.000,0.000
1531,14,620122.88,4201691.183,0.000,0.000
1532,14,620118.109,4201690.966,0.000,0.000
1533,14,620113.398,4201690.708,0.000,0.000
1534,14,620108.764,4201691.047,0.000,0.000
1535,14,620103.892,4201691.226,0.000,0.000
1536,14,620099.207,4201691.058,0.000,0.000
1537,14,620094.224,4201691.128,0.000,0.000
1538,14,620089.361,4201691.261,0.000,0.000
1539,14,620084.719,4201690.881,0.000,0.000
1540,14,620079.901,4201691.118,0.000,0.000
1541,14,620075.19,4201691.311,0.000,0.000
1542,14,620070.315,4201690.636,0.000,0.000
1543,14,620065.846,4201690.877,0.000,0.000
1544,14,620061.25,4201691.354,0.000,0.000
1545,14,620056.376,4201691.005,0.000,0.000
1546,14,620051.639,4201690.773,0.000,0.000
1547,14,620046.851,4201690.764,0.000,0.000
1548,14,620041.866,4201691.049,0.000,0.000
1549,14,620036.992,4201690.875,0.000,0.000
1550,14,620032.138,4201690.988,0.000,0.000
1551,14,620027.172,4201690.955,0.000,0.000
1552,14,620022.31,4201690.76,0.000,0.000
1553,14,620017.206,4201690.747,0.000,0.000
1554,14,620012.507,4201690.795,0.000,0.000
1555,14,620007.651,4201690.781,0.000,0.000
1556,14,620002.717,4201690.733,0.000,0.000
1557,14,619997.748,4201691.153,0.000,0.000
1558,14,619992.649,4201690.529,0.000,0.000
1559,14,619987.473,4201690.684,0.000,0.000
1560,14,619982.809,4201690.68,0.000,0.000
1561,14,619978.266,4201690.511,0.000,0.000
1562,14,619973.454,4201690.569,0.000,0.000
1563,14,619969.649,4201690.703,0.000,0.000
1564,14,619967.511,4201691.185,0.000,0.448
1565,14,619968.03,4201690.875,0.000,0.000
1566,14,619967.622,4201690.418,0.000,0.000
1567,14,619967.16,4201690.107,0.000,0.000
1568,14,619967.425,4201687.395,0.000,0.000
1569,14,619967.106,4201682.403,0.000,0.000
1570,14,619967.225,4201677.608,0.000,0.000
1571,14,619966.387,4201674.465,0.000,0.000
1572,14,619966.136,4201668.804,0.000,0.000
1573,14,619965.297,4201664.065,0.000,0.000
1574,15,619964.551,4201659.86,0.000,0.000
1575,15,619967.973,4201658.607,0.000,0.000
1576,15,619971.608,4201658.106,0.000,0.000
1577,15,619976.416,4201657.408,0.000,0.000
1578,15,619980.979,4201657.571,0.000,0.000
1579,15,619985.306,4201657.873,0.000,0.000
1580,15,619989.364,4201658.054,0.000,0.000
1581,15,619993.767,4201658.338,0.000,0.000
1582,15,619998.186,4201658.092,0.000,0.000
1583,15,620002.577,4201657.936,0.000,0.000
1584,15,620007.516,4201657.839,0.000,0.000
1585,15,620011.865,4201658.395,0.000,0.000
1586,15,620016.401,4201657.926,0.000,0.000
1587,15,620021.063,4201658.153,0.000,0.000
1588,15,620025.607,4201658.177,0.000,0.000
1589,15,620030.391,4201658.137,0.000,0.000
1590,15,620035.163,4201658.237,0.000,0.000
1591,15,620040.125,4201658.259,0.000,0.000
1592,15,620044.706,4201658.119,0.000,0.000
1593,15,620048.966,4201658.428,0.000,0.000
1594,15,620053.674,4201658.408,0.000,0.000
1595,15,620058.252,4201658.354,0.000,0.000
1596,15,620063.066,4201658.431,0.000,0.000
1597,15,620067.54,4201658.323,0.000,0.000
1598,15,620072.2,4201658.391,0.000,0.000
1599,15,620076.601,4201658.479,0.000,0.000
1600,15,620080.253,4201657.956,0.000,0.000
1601,15,620084.959,4201658.409,0.000,0.000
1602,15,620089.73,4201658.521,0.000,0.000
1603,15,620094.654,4201658.576,0.000,0.000
1604,15,620099.628,4201658.326,0.000,0.000
1605,15,620104.345,4201658.142,0.000,0.000
1606,15,620108.988,4201658.356,0.000,0.000
1607,15,620114.025,4201658.451,0.000,0.000
1608,15,620118.648,4201658.89,0.000,0.000
1609,15,620123.489,4201659.002,0.000,0.000
1610,15,620128.795,4201658.326,0.000,0.000
1611,15,620133.118,4201658.402,0.000,0.000
1612,15,620137.896,4201658.662,0.000,0.000
1613,15,620142.265,4201658.737,0.000,0.000
1614,15,620146.586,4201659.015,0.000,0.000
1615,15,620150.905,4201658.683,0.000,0.000
1616,15,620155.79,4201658.283,0.000,0.000
1617,15,620160.751,4201658.98,0.000,0.000
1618,15,620165.118,4201658.91,0.000,0.000
1619,15,620170.107,4201658.737,0.000,0.000
1620,15,620174.336,4201658.871,0.000,0.000
1621,15,620179.303,4201658.716,0.000,0.000
1622,15,620183.956,4201659.182,0.000,0.000
1623,15,620188.651,4201659.271,0.000,0.000
1624,15,620193.436,4201659.265,0.000,0.000
1625,15,620198.17,4201658.785,0.000,0.000
1626,15,620202.935,4201658.936,0.000,0.000
1627,15,620207.666,4201659.134,0.000,0.000
1628,15,620212.014,4201659.1,0.000,0.000
1629,15,620216.758,4201659.328,0.000,0.000
1630,15,620221.397,4201659.248,0.000,0.000
1631,15,620226.261,4201658.86,0.000,0.000
1632,15,620231.097,4201658.878,0.000,0.000
1633,15,620235.445,4201659.088,0.000,0.000
1634,15,620240.403,4201659.501,0.000,0.000
1635,15,620245.35,4201659.028,0.000,0.000
1636,15,620249.841,4201658.875,0.000,0.000
1637,15,620254.535,4201659.201,0.000,0.000
1638,15,620259.195,4201659.504,0.000,0.000
1639,15,620264.055,4201658.882,0.000,0.000
1640,15,620269.102,4201658.837,0.000,0.000
1641,15,620274.315,4201659.258,0.000,0.000
1642,15,620279.066,4201659.648,0.000,0.000
1643,15,620284.097,4201659.37,0.000,0.000
1644,15,620288.898,4201659.172,0.000,0.000
1645,15,620293.792,4201659.129,0.000,0.000
1646,15,620298.665,4201659.288,0.000,0.000
1647,15,620303.2,4201659.533,0.000,0.000
1648,15,620307.945,4201659.511,0.000,0.000
1649,15,620312.491,4201659.653,0.000,0.000
1650,15,620316.941,4201659.811,0.000,0.000
1651,15,620321.78,4201659.388,0.000,0.000
1652,15,620325.976,4201659.523,0.000,0.000
1653,15,620330.408,4201659.376,0.000,0.000
1654,15,620335.068,4201659.07,0.000,0.000
1655,15,620339.414,4201658.905,0.000,0.000
1656,15,620343.508,4201659.57,0.000,0.000
1657,15,620348.161,4201659.472,0.000,0.000
1658,15,620352.647,4201659.407,0.000,0.000
1659,15,620357.14,4201659.393,0.000,0.000
1660,15,620361.868,4201659.303,0.000,0.000
1661,15,620366.523,4201659.382,0.000,0.000
1662,15,620370.477,4201659.462,0.000,0.000
1663,15,620374.778,4201659.565,0.000,0.000
1664,15,620378.576,4201659.575,0.000,0.000
1665,15,620378.996,4201657.973,0.000,0.000
1666,15,620376.578,4201654.172,0.000,0.000
1667,15,620374.794,4201650.908,0.000,0.000
1668,15,620372.019,4201647.835,0.000,0.000
1669,15,620369.932,4201644.779,0.000,0.000
1670,15,620367.962,4201641.464,0.000,0.000
1671,15,620365.053,4201637.27,0.000,0.000
1672,15,620362.717,4201634.038,0.000,0.000
1673,15,620360.491,4201630.694,0.000,0.000
1674,16,620357.755,4201627.882,0.000,0.000
1675,16,620353.581,4201628.058,0.000,0.000
1676,16,620349.876,4201627.905,0.000,0.000
1677,16,620346.016,4201628.02,0.000,0.000
1678,16,620341.872,4201627.967,0.000,0.000
1679,16,620337.833,4201627.929,0.000,0.000
1680,16,620333.85,4201627.641,0.000,0.000
1681,16,620330.038,4201627.67,0.000,0.000
1682,16,620325.945,4201628.043,0.000,0.000
1683,16,620321.725,4201627.909,0.000,0.000
1684,16,620317.304,4201627.901,0.000,0.000
1685,16,620313.177,4201627.594,0.000,0.000
1686,16,620309.116,4201627.756,0.000,0.000
1687,16,620304.693,4201627.877,0.000,0.000
1688,16,620300.991,4201627.513,0.000,0.000
1689,16,620296.389,4201627.558,0.000,0.000
1690,16,620292.017,4201627.476,0.000,0.000
1691,16,620288.015,4201627.201,0.000,0.000
1692,16,620283.342,4201627.859,0.000,0.000
1693,16,620279.537,4201627.348,0.000,0.000
1694,16,620275.155,4201627.572,0.000,0.000
1695,16,620270.802,4201627.666,0.000,0.000
1696,16,620266.766,4201627.559,0.000,0.000
1697,16,620262.849,4201627.788,0.000,0.000
1698,16,620258.699,4201628.195,0.000,0.000
1699,16,620254.264,4201627.985,0.000,0.000
1700,16,620250.606,4201627.839,0.000,0.000
1701,16,620246.22,4201627.588,0.000,0.000
1702,16,620243.307,4201627.997,0.000,0.000
1703,16,620239.494,4201627.465,0.000,0.000
1704,16,620234.971,4201627.738,0.000,0.000
1705,16,620230.863,4201627.652,0.000,0.000
1706,16,620226.579,4201627.244,0.000,0.000
1707,16,620222.581,4201627.396,0.000,0.000
1708,16,620218.17,4201627.061,0.000,0.000
1709,16,620213.99,4201627.39,0.000,0.000
1710,16,620209.803,4201627.114,0.000,0.000
1711,16,620206.101,4201627.074,0.000,0.000
1712,16,620202.643,4201627.056,0.000,0.000
1713,16,620198.558,4201627.175,0.000,0.000
1714,16,620194.698,4201627.17,0.000,0.000
1715,16,620190.572,4201627.091,0.000,0.000
1716,16,620186.76,4201627.309,0.000,0.000
1717,16,620182.785,4201627.394,0.000,0.000
1718,16,620178.983,4201626.969,0.000,0.000
1719,16,620175.001,4201627.149,0.000,0.000
1720,16,620171.459,4201627.199,0.000,0.000
1721,16,620167.418,4201627.35,0.000,0.000
1722,16,620163.275,4201627.615,0.000,0.000
1723,16,620159.272,4201627.088,0.000,0.000
1724,16,620155.169,4201627.133,0.000,0.000
1725,16,620151.127,4201627.075,0.000,0.000
1726,16,620146.892,4201627.314,0.000,0.000
1727,16,620142.48,4201627.189,0.000,0.000
1728,16,620138.214,4201627.126,0.000,0.000
1729,16,620134.399,4201626.791,0.000,0.000
1730,16,620129.691,4201626.888,0.000,0.000
1731,16,620125.112,4201627.065,0.000,0.000
1732,16,620120.989,4201627.131,0.000,0.000
1733,16,620116.866,4201626.818,0.000,0.000
1734,16,620112.881,4201626.937,0.000,0.000
1735,16,620109.008,4201626.726,0.000,0.000
1736,16,620104.43,4201626.996,0.000,0.000
1737,16,620099.563,4201627.157,0.000,0.000
1738,16,620095.577,4201626.653,0.000,0.000
1739,16,620091.35,4201626.475,0.000,0.000
1740,16,620086.864,4201626.675,0.000,0.000
1741,16,620082.373,4201626.558,0.000,0.000
1742,16,620077.842,4201626.593,0.000,0.000
1743,16,620073.134,4201626.871,0.000,0.000
1744,16,620068.992,4201626.809,0.000,0.000
1745,16,620064.768,4201626.602,0.000,0.000
1746,16,620060.899,4201626.778,0.000,0.000
1747,16,620056.269,4201627.015,0.000,0.000
1748,16,620051.786,4201626.72,0.000,0.000
1749,16,620047.113,4201626.95,0.000,0.000
1750,16,620042.865,4201626.642,0.000,0.000
1751,16,620038.111,4201626.677,0.000,0.000
1752,16,620034.26,4201626.509,0.000,0.000
1753,16,620030.014,4201626.496,0.000,0.000
1754,16,620025.911,4201626.32,0.000,0.000
1755,16,620021.343,4201626.271,0.000,0.000
1756,16,620016.684,4201626.139,0.000,0.000
1757,16,620012.417,4201626.289,0.000,0.000
1758,16,620007.911,4201626.275,0.000,0.000
1759,16,620003.54,4201626.42,0.000,0.000
1760,16,619999.533,4201626.523,0.000,0.000
1761,16,619995.456,4201626.245,0.000,0.000
1762,16,619991.571,4201626.315,0.000,0.000
1763,16,619986.847,4201626.401,0.000,0.000
1764,16,619982.437,4201626.555,0.000,0.000
1765,16,619978.143,4201626.64,0.000,0.000
1766,16,619973.759,4201626.337,0.000,0.000
1767,16,619969.645,4201626.516,0.000,0.000
1768,16,619965.593,4201626.385,0.000,0.000
1769,16,619961.521,4201626.631,0.000,0.000
1770,16,619961.27,4201626.008,0.000,0.000
1771,16,619960.802,4201625.877,0.000,0.000
1772,16,619961.115,4201624.472,0.000,0.000
1773,16,619960.959,4201623.93,0.000,0.000
1774,16,619960.668,4201620.47,0.000,0.000
1775,16,619959.735,4201616.743,0.000,0.000
1776,16,619959.141,4201611.811,0.000,0.000
1777,16,619958.314,4201606.941,0.000,0.000
1778,16,619957.662,4201602.257,0.000,0.000
1779,16,619957.05,4201598.32,0.000,0.000
1780,17,619957.47,4201593.838,0.000,0.000
1781,17,619961.384,4201593.615,0.000,0.000
1782,17,619966.162,4201593.564,0.000,0.000
1783,17,619970.312,4201593.698,0.000,0.000
1784,17,619974.094,4201593.775,0.000,0.000
1785,17,619978.497,4201593.289,0.000,0.000
1786,17,619983.14,4201593.637,0.000,0.000
1787,17,619987.617,4201593.645,0.000,0.000
1788,17,619992.134,4201593.553,0.000,0.000
1789,17,619996.627,4201594.088,0.000,0.000
1790,17,620001.197,4201593.958,0.000,0.000
1791,17,620005.919,4201593.291,0.000,0.000
1792,17,620010.646,4201593.474,0.000,0.000
1793,17,620015.379,4201593.777,0.000,0.000
1794,17,620019.489,4201594.058,0.000,0.000
1795,17,620023.616,4201593.929,0.000,0.000
1796,17,620028.201,4201593.798,0.000,0.000
1797,17,620032.813,4201593.753,0.000,0.000
1798,17,620037.203,4201593.348,0.000,0.000
1799,17,620041.743,4201594.342,0.000,0.000
1800,17,620046.329,4201594.4,0.000,0.000
1801,17,620050.855,4201593.741,0.000,0.000
1802,17,620056.091,4201593.578,0.000,0.000
1803,17,620060.782,4201594.413,0.000,0.000
1804,17,620065.049,4201593.971,0.000,0.000
1805,17,620069.17,4201594.204,0.000,0.000
1806,17,620073.979,4201594.12,0.000,0.000
1807,17,620078.438,4201594.139,0.000,0.000
1808,17,620082.883,4201594.289,0.000,0.000
1809,17,620087.423,4201594.317,0.000,0.000
1810,17,620092.074,4201594.025,0.000,0.000
1811,17,620096.703,4201594.138,0.000,0.000
1812,17,620101.156,4201594.122,0.000,0.000
1813,17,620105.472,4201594.378,0.000,0.000
1814,17,620110.275,4201594.198,0.000,0.000
1815,17,620114.968,4201594.296,0.000,0.000
1816,17,620119.254,4201594.366,0.000,0.000
1817,17,620123.638,4201594.145,0.000,0.000
1818,17,620128.246,4201594.436,0.000,0.000
1819,17,620132.83,4201594.265,0.000,0.000
1820,17,620137.322,4201594.489,0.000,0.000
1821,17,620141.632,4201594.348,0.000,0.000
1822,17,620146.139,4201594.557,0.000,0.000
1823,17,620150.697,4201594.16,0.000,0.000
1824,17,620154.912,4201594.333,0.000,0.000
1825,17,620159.72,4201594.534,0.000,0.000
1826,17,620164.04,4201594.519,0.000,0.000
1827,17,620168.608,4201594.477,0.000,0.000
1828,17,620173.272,4201594.538,0.000,0.000
1829,17,620178.015,4201594.523,0.000,0.000
1830,17,620182.475,4201594.46,0.000,0.000
1831,17,620186.719,4201594.495,0.000,0.000
1832,17,620191.07,4201594.276,0.000,0.000
1833,17,620195.155,4201593.997,0.000,0.000
1834,17,620198.373,4201594.344,0.000,0.000
1835,17,620202.128,4201594.688,0.000,0.000
1836,17,620206.524,4201594.702,0.000,0.000
1837,17,620210.903,4201595.072,0.000,0.000
1838,17,620215.097,4201594.837,0.000,0.000
1839,17,620219.565,4201594.525,0.000,0.000
1840,17,620224.048,4201594.681,0.000,0.000
1841,17,620228.021,4201594.789,0.000,0.000
1842,17,620232.483,4201594.835,0.000,0.000
1843,17,620236.864,4201595.065,0.000,0.000
1844,17,620241.023,4201594.663,0.000,0.000
1845,17,620245.386,4201594.79,0.000,0.000
1846,17,620249.606,4201594.825,0.000,0.000
1847,17,620253.87,4201594.858,0.000,0.000
1848,17,620258.34,4201594.8,0.000,0.000
1849,17,620262.821,4201595.064,0.000,0.000
1850,17,620267.309,4201595.05,0.000,0.000
1851,17,620271.516,4201595.171,0.000,0.000
1852,17,620275.601,4201595.266,0.000,0.000
1853,17,620280.219,4201595.117,0.000,0.000
1854,17,620284.454,4201594.601,0.000,0.000
1855,17,620289.007,4201594.874,0.000,0.000
1856,17,620293.298,4201594.886,0.000,0.000
1857,17,620297.861,4201594.705,0.000,0.000
1858,17,620302.094,4201594.838,0.000,0.000
1859,17,620306.086,4201594.93,0.000,0.000
1860,17,620310.239,4201595.101,0.000,0.000
1861,17,620314.334,4201595.077,0.000,0.000
1862,17,620318.496,4201595.174,0.000,0.000
1863,17,620323.04,4201595.308,0.000,0.000
1864,17,620327.529,4201595.13,0.000,0.000
1865,17,620331.962,4201595.285,0.000,0.000
1866,17,620336.335,4201595.254,0.000,0.000
1867,17,620340.549,4201595.058,0.000,0.000
1868,17,620344.771,4201595.175,0.000,0.000
1869,17,620349.005,4201595.099,0.000,0.000
1870,17,620351.794,4201591.752,0.000,0.000
1871,17,620354.068,4201587.762,0.000,0.000
1872,17,620356.084,4201584.173,41.939,100.000
1873,17,620358.95,4201580.478,49.679,100.000
1874,17,620361.797,4201576.993,45.454,100.000
1875,17,620364.418,4201573.167,0.000,0.000
1876,17,620367.057,4201569.866,0.000,0.000
1877,18,620369.643,4201565.922,0.000,0.000
1878,18,620369.146,4201564.333,0.000,0.000
1879,18,620364.873,4201563.739,0.000,0.000
1880,18,620360.595,4201563.668,0.000,0.000
1881,18,620356.175,4201563.481,0.000,0.000
1882,18,620351.402,4201563.794,0.000,0.000
1883,18,620346.948,4201563.303,0.000,0.000
1884,18,620342.631,4201563.196,0.000,0.000
1885,18,620339.219,4201563.15,0.000,0.000
1886,18,620335.429,4201563.39,0.000,0.000
1887,18,620331.06,4201563.519,0.000,0.000
1888,18,620326.68,4201563.574,0.000,0.000
1889,18,620322.257,4201563.625,0.000,0.000
1890,18,620317.558,4201563.57,0.000,0.000
1891,18,620313.179,4201563.378,0.000,0.000
1892,18,620308.925,4201563.299,0.000,0.000
1893,18,620304.404,4201563.416,0.000,0.000
1894,18,620300.075,4201563.382,0.000,0.000
1895,18,620295.873,4201562.875,0.000,0.000
1896,18,620291.735,4201562.993,0.000,0.000
1897,18,620289.584,4201563.861,0.000,0.000
1898,18,620285.224,4201563.402,0.000,0.000
1899,18,620280.975,4201563.31,0.000,0.000
1900,18,620276.553,4201563.533,0.000,0.000
1901,18,620272.175,4201563.053,0.000,0.000
1902,18,620267.652,4201563.287,0.000,0.000
1903,18,620263.21,4201563.531,0.000,0.000
1904,18,620258.644,4201563.456,0.000,0.000
1905,18,620254.53,4201563.578,0.000,0.000
1906,18,620250.435,4201562.95,0.000,0.000
1907,18,620246.384,4201563.212,0.000,0.000
1908,18,620241.864,4201562.604,0.000,0.000
1909,18,620237.924,4201562.973,0.000,0.000
1910,18,620233.52,4201563.137,0.000,0.000
1911,18,620228.946,4201563.196,0.000,0.000
1912,18,620224.534,4201562.807,0.000,0.000
1913,18,620220.945,4201562.826,38.903,100.000
1914,18,620216.511,4201563.088,0.000,0.000
1915,18,620212.428,4201562.886,0.000,0.000
1916,18,620208.053,4201562.584,0.000,0.000
1917,18,620203.559,4201562.939,0.000,0.000
1918,18,620199.034,4201563.15,0.000,0.000
1919,18,620194.335,4201563.126,0.000,0.000
1920,18,620190.13,4201563.045,0.000,0.000
1921,18,620185.777,4201563.028,0.000,0.000
1922,18,620181.454,4201562.858,0.000,0.000
1923,18,620177.04,4201563.007,0.000,0.000
1924,18,620172.816,4201562.658,0.000,0.000
1925,18,620168.365,4201562.682,0.000,0.000
1926,18,620163.813,4201562.768,0.000,0.000
1927,18,620159.355,4201562.647,0.000,0.000
1928,18,620154.548,4201562.973,0.000,0.000
1929,18,620150.451,4201562.898,0.000,0.000
1930,18,620146.283,4201562.521,0.000,0.000
1931,18,620141.411,4201562.462,0.000,0.000
1932,18,620137.073,4201562.639,0.000,0.000
1933,18,620132.977,4201562.71,0.000,0.000
1934,18,620128.49,4201562.63,0.000,0.000
1935,18,620124.153,4201562.733,0.000,0.000
1936,18,620119.887,4201562.565,0.000,0.000
1937,18,620115.5,4201562.564,0.000,0.000
1938,18,620111.33,4201562.551,0.000,0.000
1939,18,620106.57,4201562.707,0.000,0.000
1940,18,620102.227,4201562.323,0.000,0.000
1941,18,620097.728,4201562.815,0.000,0.000
1942,18,620093.039,4201562.259,0.000,0.000
1943,18,620088.654,4201562.432,0.000,0.000
1944,18,620084.094,4201562.647,0.000,0.000
1945,18,620079.548,4201562.402,0.000,0.000
1946,18,620075.155,4201562.469,0.000,0.000
1947,18,620070.686,4201562.074,0.000,0.000
1948,18,620066.138,4201562.474,0.000,0.000
1949,18,620061.582,4201562.688,0.000,0.000
1950,18,620057.012,4201562.851,0.000,0.000
1951,18,620052.434,4201562.684,0.000,0.000
1952,18,620047.36,4201562.217,0.000,0.000
1953,18,620043.143,4201562.543,0.000,0.000
1954,18,620038.407,4201562.528,0.000,0.000
1955,18,620033.823,4201562.517,0.000,0.000
1956,18,620029.608,4201562.323,0.000,0.000
1957,18,620025.085,4201562.258,0.000,0.000
1958,18,620020.689,4201562.175,0.000,0.000
1959,18,620016.731,4201562.124,0.000,0.000
1960,18,620011.845,4201562.429,0.000,0.000
1961,18,620007.747,4201562.4,0.000,0.000
1962,18,620003.295,4201562.016,0.000,0.000
1963,18,619998.907,4201561.914,0.000,0.000
1964,18,619994.962,4201562.101,0.000,0.000
1965,18,619990.439,4201562.162,0.000,0.000
1966,18,619986.07,4201562.298,0.000,0.000
1967,18,619981.966,4201562.213,0.000,0.000
1968,18,619977.918,4201562.356,0.000,0.000
1969,18,619973.618,4201562.131,0.000,0.000
1970,18,619969.327,4201562.155,0.000,0.000
1971,18,619965.405,4201561.955,0.000,0.000
1972,18,619961.352,4201561.941,0.000,0.000
1973,18,619957.57,4201561.898,0.000,0.000
1974,18,619953.591,4201561.793,0.000,0.000
1975,18,619949.764,4201561.7,0.000,0.000
1976,18,619948.499,4201558.27,0.000,0.000
1977,18,619947.846,4201554.497,0.000,0.000
1978,18,619946.946,4201550.734,0.000,0.000
1979,18,619946.352,4201546.259,0.000,0.000
1980,18,619945.597,4201542.394,0.000,0.000
1981,18,619944.883,4201538.119,0.000,0.000
1982,18,619943.395,4201534.412,0.000,0.000
1983,19,619944.158,4201530.593,0.000,0.000
1984,19,619947.992,4201530.691,0.000,0.000
1985,19,619952.369,4201530.916,0.000,0.000
1986,19,619956.867,4201530.664,0.000,0.000
1987,19,619961.316,4201530.707,45.769,100.000
1988,19,619965.517,4201530.431,53.138,100.000
1989,19,619970.132,4201530.257,44.206,100.000
1990,19,619974.569,4201530.807,0.000,0.000
1991,19,619978.696,4201530.677,0.000,0.000
1992,19,619982.978,4201530.766,0.000,0.000
1993,19,619987.294,4201530.895,0.000,0.000
1994,19,619991.097,4201530.67,0.000,0.000
1995,19,619993.115,4201530.122,0.000,0.000
1996,19,619994.481,4201529.537,50.016,100.000
1997,19,619998.806,4201529.462,45.926,100.000
1998,19,620003.007,4201529.275,48.186,100.000
1999,19,620007.438,4201529.44,0.000,0.000
2000,19,620011.579,4201529.517,41.643,100.000
2001,19,620015.741,4201529.631,33.141,100.000
2002,19,620018.509,4201529.305,31.637,100.000
2003,19,620020.168,4201529.48,36.018,100.000
2004,19,620023.977,4201529.49,0.000,0.000
2005,19,620027.852,4201529.683,0.000,0.000
2006,19,620031.116,4201529.24,0.000,0.000
2007,19,620035.438,4201529.636,0.000,0.000
2008,19,620036.28,4201529.784,0.000,0.000
2009,19,620037.658,4201529.828,0.000,0.000
2010,19,620041.505,4201529.455,0.000,0.000
2011,19,620045.554,4201529.792,0.000,0.000
2012,19,620049.509,4201529.99,0.000,0.000
2013,19,620053.399,4201530.028,0.000,0.000
2014,19,620057.563,4201530.506,0.000,0.000
2015,19,620062.617,4201529.937,0.000,0.000
2016,19,620066.265,4201529.849,0.000,0.000
2017,19,620070.649,4201529.712,0.000,0.000
2018,19,620075.128,4201529.722,0.000,0.000
2019,19,620078.89,4201529.628,0.000,0.000
2020,19,620082.845,4201529.519,0.000,0.000
2021,19,620086.837,4201529.941,0.000,0.000
2022,19,620091.74,4201530.015,0.000,0.000
2023,19,620095.888,4201530.426,0.000,0.000
2024,19,620100.005,4201530.034,0.000,0.000
2025,19,620104.404,4201530.136,0.000,0.000
2026,19,620109.736,4201529.755,0.000,0.000
2027,19,620113.869,4201530.013,0.000,0.000
2028,19,620118.021,4201530.13,0.000,0.000
2029,19,620122.056,4201530.189,0.000,0.000
2030,19,620125.84,4201529.969,0.000,0.000
2031,19,620130.345,4201529.926,0.000,0.000
2032,19,620133.903,4201529.876,0.000,0.000
2033,19,620138.557,4201529.935,0.000,0.000
2034,19,620143.319,4201529.879,0.000,0.000
2035,19,620147.895,4201530.203,0.000,0.000
2036,19,620152.144,4201530.749,0.000,0.000
2037,19,620156.716,4201530.442,0.000,0.000
2038,19,620161.492,4201530.222,0.000,0.000
2039,19,620166.076,4201530.08,0.000,0.000
2040,19,620170.811,4201529.969,0.000,0.000
2041,19,620174.896,4201530.302,0.000,0.000
2042,19,620179.325,4201530.235,0.000,0.000
2043,19,620183.69,4201530.105,0.000,0.000
2044,19,620187.957,4201529.949,0.000,0.000
2045,19,620192.28,4201530.152,0.000,0.000
2046,19,620197.118,4201530.42,0.000,0.000
2047,19,620201.593,4201530.221,0.000,0.000
2048,19,620206.081,4201530.237,0.000,0.000
2049,19,620210.327,4201530.467,0.000,0.000
2050,19,620214.537,4201530.512,0.000,0.000
2051,19,620218.916,4201530.373,0.000,0.000
2052,19,620223.563,4201530.147,0.000,0.000
2053,19,620228.042,4201530.351,0.000,0.000
2054,19,620232.105,4201530.442,0.000,0.000
2055,19,620236.231,4201530.943,0.000,0.000
2056,19,620240.356,4201530.492,32.384,100.000
2057,19,620245.269,4201530.548,0.000,0.000
2058,19,620249.85,4201530.246,0.000,0.000
2059,19,620253.729,4201530.764,0.000,0.000
2060,19,620258.187,4201530.632,35.085,100.000
2061,19,620262.084,4201530.839,0.000,0.000
2062,19,620266.433,4201530.426,42.385,100.000
2063,19,620270.887,4201530.838,0.000,0.000
2064,19,620275.171,4201530.898,0.000,0.000
2065,19,620279.468,4201530.754,0.000,0.000
2066,19,620283.985,4201530.444,0.000,0.000
2067,19,620288.062,4201530.504,0.000,0.000
2068,19,620292.4,4201530.8,0.000,0.000
2069,19,620296.532,4201531.145,0.000,0.000
2070,19,620300.923,4201531.018,33.269,100.000
2071,19,620305.795,4201530.879,0.000,1.479
2072,19,620309.873,4201530.775,33.015,100.000
2073,19,620314.201,4201530.913,36.286,100.000
2074,19,620317.792,4201531.463,0.000,0.000
2075,19,620323.791,4201530.615,0.000,0.000
2076,19,620328.344,4201530.417,0.000,0.000
2077,19,620332.253,4201531.051,0.000,0.000
2078,19,620336.159,4201530.876,0.000,0.000
2079,19,620340.121,4201530.814,0.000,0.000
2080,19,620343.861,4201531.19,0.000,0.000
2081,19,620347.762,4201531.243,0.000,0.000
2082,19,620351.768,4201530.964,0.000,0.000
2083,19,620356.218,4201530.804,0.000,0.000
2084,19,620360.521,4201530.902,0.000,0.000
2085,19,620364.505,4201531.075,0.000,0.000
2086,19,620368.57,4201530.931,35.614,100.000
2087,19,620372.391,4201530.886,35.614,100.000
2088,19,620373.466,4201528.592,41.203,100.000
2089,19,620371.697,4201524.802,46.723,100.000
2090,19,620370.078,4201521.285,0.000,0.000
2091,19,620367.566,4201517.64,39.897,100.000
2092,19,620365.258,4201514.374,35.217,100.000
2093,19,620362.93,4201510.871,0.000,0.000
2094,20,620359.616,4201508.491,27.811,98.604
2095,20,620356.62,4201506.65,36.421,100.000
2096,20,620352.146,4201506.718,29.448,100.000
2097,20,620347.946,4201506.265,31.141,100.000
2098,20,620343.994,4201506.595,40.911,100.000
2099,20,620339.539,4201506.446,30.169,100.000
2100,20,620335.428,4201506.515,31.884,100.000
2101,20,620330.966,4201507.424,0.000,0.000
2102,20,620326.923,4201507.554,0.000,0.000
2103,20,620323.083,4201507.712,0.000,0.000
2104,20,620318.979,4201507.606,23.284,90.954
2105,20,620314.863,4201507.544,0.000,0.464
2106,20,620310.704,4201507.343,0.000,0.000
2107,20,620307.57,4201507.262,33.269,100.000
2108,20,620304.829,4201507.16,0.000,0.000
2109,20,620301.481,4201507.782,0.000,0.000
2110,20,620297.541,4201507.434,0.000,0.000
2111,20,620293.3,4201507.573,0.000,0.000
2112,20,620288.9,4201507.778,0.000,0.000
2113,20,620284.761,4201507.627,28.623,99.978
2114,20,620280.53,4201507.338,0.000,0.000
2115,20,620276.164,4201507.213,0.000,0.000
2116,20,620272.289,4201507.228,0.000,0.000
2117,20,620267.249,4201507.33,0.000,0.000
2118,20,620263.009,4201507.398,0.000,0.000
2119,20,620258.762,4201507.147,0.000,0.000
2120,20,620254.642,4201507.213,0.000,0.000
2121,20,620249.861,4201507.325,0.000,0.000
2122,20,620245.736,4201507.466,0.000,0.000
2123,20,620241.1,4201507.356,0.000,0.000
2124,20,620236.947,4201507.165,0.000,0.000
2125,20,620232.992,4201507.221,0.000,0.000
2126,20,620228.671,4201506.942,0.000,0.000
2127,20,620224.216,4201507.235,0.000,0.000
2128,20,620219.983,4201507.073,0.000,0.000
2129,20,620215.623,4201506.824,0.000,0.000
2130,20,620211.555,4201506.849,0.000,0.000
2131,20,620207.141,4201506.669,0.000,0.000
2132,20,620203.102,4201506.975,0.000,0.000
2133,20,620198.644,4201506.683,0.000,0.000
2134,20,620194.681,4201506.929,0.000,0.000
2135,20,620190.886,4201507.017,0.000,0.000
2136,20,620186.53,4201507.257,0.000,0.000
2137,20,620182.422,4201506.87,0.000,0.000
2138,20,620178.462,4201507.211,0.000,0.000
2139,20,620174.33,4201507.239,0.000,0.000
2140,20,620170.352,4201506.949,0.000,0.000
2141,20,620166.284,4201506.962,0.000,0.000
2142,20,620162.412,4201507.16,0.000,0.000
2143,20,620158.392,4201507.221,0.000,0.000
2144,20,620154.491,4201507.1,0.000,0.000
2145,20,620150.111,4201506.939,0.000,0.000
2146,20,620146.181,4201506.887,0.000,0.000
2147,20,620142.002,4201506.971,0.000,0.000
2148,20,620139.017,4201506.691,0.000,0.000
2149,20,620136.914,4201506.665,0.000,0.000
2150,20,620133.342,4201506.745,0.000,0.000
2151,20,620129.301,4201506.69,0.000,0.000
2152,20,620125.524,4201506.535,0.000,0.000
2153,20,620121.502,4201506.512,0.000,0.000
2154,20,620117.495,4201506.793,0.000,0.000
2155,20,620113.506,4201506.565,0.000,0.000
2156,20,620109.579,4201506.497,0.000,0.000
2157,20,620105.495,4201506.472,0.000,0.000
2158,20,620101.619,4201506.386,0.000,0.000
2159,20,620097.886,4201506.2,0.000,0.000
2160,20,620093.734,4201506.536,0.000,0.000
2161,20,620089.701,4201506.549,0.000,0.000
2162,20,620086.085,4201506.209,0.000,0.000
2163,20,620082.239,4201506.307,0.000,0.000
2164,20,620078.242,4201506.39,0.000,0.000
2165,20,620074.093,4201506.395,0.000,0.000
2166,20,620070.144,4201506.511,0.000,0.000
2167,20,620065.531,4201506.573,0.000,0.000
2168,20,620061.695,4201506.227,0.000,0.000
2169,20,620057.345,4201506.437,0.000,0.000
2170,20,620053.246,4201506.576,0.000,0.000
2171,20,620049.509,4201506.514,0.000,0.000
2172,20,620045.501,4201506.346,0.000,0.000
2173,20,620041.477,4201506.302,0.000,0.000
2174,20,620037.806,4201506.352,0.000,0.000
2175,20,620033.969,4201506.43,0.000,0.000
2176,20,620029.937,4201506.204,0.000,0.000
2177,20,620025.68,4201506.173,0.000,0.000
2178,20,620021.673,4201506.182,0.000,0.000
2179,20,620017.428,4201506.022,0.000,0.000
2180,20,620013.393,4201506.07,0.000,0.000
2181,20,620009.316,4201506.272,0.000,0.000
2182,20,620005.063,4201506.423,0.000,0.000
2183,20,620001.114,4201506.124,0.000,0.000
2184,20,619997.055,4201506.253,0.000,0.000
2185,20,619993.917,4201506.097,0.000,0.000
2186,20,619988.926,4201505.645,0.000,0.000
2187,20,619984.2,4201506.214,0.000,0.000
2188,20,619980.498,4201506.271,0.000,0.000
2189,20,619976.261,4201506.293,0.000,0.000
2190,20,619972.273,4201506.265,0.000,0.000
2191,20,619968.328,4201506.366,0.000,0.000
2192,20,619964.187,4201506.316,0.000,0.000
2193,20,619960.228,4201506.453,0.000,0.000
2194,20,619955.946,4201506.552,0.000,0.000
2195,20,619951.828,4201506.463,0.000,0.000
2196,20,619947.855,4201506.362,0.000,0.000
2197,20,619943.462,4201506.136,0.000,4.045
2198,20,619940.422,4201505.192,0.000,2.156
